user_id,time,sat,channel,data_rate
149,1,STARLINK-2575,4,229.34230259692805
149,2,STARLINK-2575,4,137.84462617534035
149,3,STARLINK-2575,4,221.84939389905236
149,4,STARLINK-2575,4,178.23524869896693
149,5,STARLINK-4158,0,126.28900608576394
149,6,STARLINK-4158,0,93.04413938309027
149,7,STARLINK-4158,0,102.77666792860647
149,8,STARLINK-4158,0,227.6497324129862
149,9,STARLINK-4158,0,159.13918305240844
149,10,STARLINK-34709,1,0.20822217313727992
149,11,STARLINK-34709,1,0.14417001170305402
147,1,STARLINK-2575,3,229.31756196281447
147,2,STARLINK-5086,2,149.7741185679887
147,3,STARLINK-5086,2,23.96961269720024
147,4,STARLINK-5086,2,122.05585311443096
147,5,STARLINK-31353,11,117.78641766403584
147,6,STARLINK-31353,11,8.622793110021924
147,7,STARLINK-31353,11,115.88599191436315
147,8,STARLINK-34165,10,154.61990877027114
147,9,STARLINK-34165,10,117.15726453752488
147,10,STARLINK-34165,10,104.13570829717838
147,11,STARLINK-34165,0,131.05818896120357
146,1,STARLINK-2575,20,229.34284927074907
146,2,STARLINK-6186,15,142.19175172346954
146,3,STARLINK-6186,15,75.922034088522
146,4,STARLINK-6186,15,199.06229277974722
146,5,STARLINK-4158,17,230.77470387724748
146,6,STARLINK-4158,17,143.49685695211127
146,7,STARLINK-4158,17,96.85198302636145
146,8,STARLINK-33918,13,178.50665666277243
146,9,STARLINK-33918,13,117.59479999031954
146,10,STARLINK-33918,13,133.38651664031278
146,11,STARLINK-34160,14,156.20554618628245
145,1,STARLINK-2575,20,229.34284927074907
145,2,STARLINK-33875,24,162.67976781288516
145,3,STARLINK-33875,24,154.92595024112214
145,4,STARLINK-33875,24,134.2801584615557
145,5,STARLINK-31353,22,218.34652028905597
145,6,STARLINK-31353,22,70.7230192383405
145,7,STARLINK-31353,22,115.8860622656199
145,8,STARLINK-33918,10,78.13884669566566
145,9,STARLINK-33918,10,57.193276575268314
145,10,STARLINK-33918,10,73.03137551042347
145,11,STARLINK-34160,8,156.20554618628245
144,1,STARLINK-3701,15,68.2192232906101
144,2,STARLINK-3701,15,108.29705676464454
144,3,STARLINK-33875,23,154.92595024112214
144,4,STARLINK-33875,23,134.2801584615557
144,5,STARLINK-33875,23,133.241651061767
144,6,STARLINK-33875,23,275.63280364309134
144,7,STARLINK-33918,5,132.67798202574593
144,8,STARLINK-33918,5,178.50653819561032
144,9,STARLINK-33918,5,34.46086616453186
144,10,STARLINK-33918,5,43.726576133473934
144,11,STARLINK-4028,6,1.4844711203337426
144,12,STARLINK-4028,6,4.1568749435827845
144,13,STARLINK-4028,6,1.0572096047122503
143,1,STARLINK-31701,13,155.56593380792066
143,2,STARLINK-6186,8,142.1836603775858
143,3,STARLINK-6186,8,75.922034088522
143,4,STARLINK-6186,8,199.06379291618393
143,5,STARLINK-6186,8,184.92174221288488
143,6,STARLINK-33873,7,49.28763266725073
143,7,STARLINK-33873,7,60.79800408181073
143,8,STARLINK-33873,7,92.89964428614314
143,9,STARLINK-33873,7,265.1822110758541
143,10,STARLINK-34709,8,0.04410216390905207
143,11,STARLINK-34709,8,0.037266522442033004
142,1,STARLINK-2575,10,229.34284927074907
142,2,STARLINK-5086,15,30.609983788158047
142,3,STARLINK-5086,15,21.24271718756876
142,4,STARLINK-5086,15,94.99822958765544
142,5,STARLINK-4158,9,230.77470387724748
142,6,STARLINK-4158,9,245.26433732702935
142,7,STARLINK-4158,9,253.6270181154059
142,8,STARLINK-33918,13,178.50665666277243
142,9,STARLINK-33918,13,117.59479999031954
142,10,STARLINK-33918,13,133.38651664031278
142,11,STARLINK-34160,24,156.20554618628245
141,1,STARLINK-2575,24,229.32910230245662
141,2,STARLINK-6227,22,131.62144380705539
141,3,STARLINK-6227,22,118.5341832262546
141,4,STARLINK-6227,22,90.3690840789017
141,5,STARLINK-6227,22,11.729800536674961
141,6,STARLINK-33873,18,126.36178469096232
141,7,STARLINK-33873,18,208.4831654454328
141,8,STARLINK-33873,18,213.82524105433816
141,9,STARLINK-33873,18,265.1822110758541
141,10,STARLINK-34709,10,0.04489280521660662
141,11,STARLINK-34709,10,0.04633585641240196
141,12,STARLINK-34709,10,1.0051661675482308
148,1,STARLINK-31701,15,56.1670942950884
148,2,STARLINK-31701,15,25.410308344589605
148,3,STARLINK-6227,24,19.64065178197714
148,4,STARLINK-6227,24,18.372140180552705
148,5,STARLINK-6227,24,23.286781609328536
148,6,STARLINK-6227,24,17.898294614964403
148,7,STARLINK-34165,1,193.2997686749405
148,8,STARLINK-34165,1,154.61979769888777
148,9,STARLINK-34165,1,117.16195305550916
148,10,STARLINK-34165,1,104.01199651915714
148,11,STARLINK-4028,17,1.4844711203337426
148,12,STARLINK-4028,17,2.0598224776703433
148,13,STARLINK-4028,17,0.40675367987247435
140,1,STARLINK-31701,23,155.5665619328112
140,2,STARLINK-6186,23,53.74593670601126
140,3,STARLINK-6186,23,25.11519177655219
140,4,STARLINK-6186,23,102.97774706209071
140,5,STARLINK-6186,23,93.54583437931595
140,6,STARLINK-33873,13,126.36178469096232
140,7,STARLINK-33873,13,208.4831654454328
140,8,STARLINK-33873,13,213.82524105433816
140,9,STARLINK-33873,13,265.1822110758541
140,10,STARLINK-34709,5,0.030195931140164434
140,11,STARLINK-34709,5,0.037265793049964434
140,12,STARLINK-34709,5,0.06962440698649294
118,1,STARLINK-31858,4,13.634014563290007
118,2,STARLINK-31858,4,155.22657081248198
118,3,STARLINK-5086,23,23.730508228376763
118,4,STARLINK-5086,23,75.14536078636648
118,5,STARLINK-5086,23,56.29984920387879
118,6,STARLINK-5086,23,25.843037093493837
118,7,STARLINK-33918,18,35.00016581517263
118,8,STARLINK-33918,18,52.761621616361765
118,9,STARLINK-33918,18,18.89627804386878
118,10,STARLINK-33918,18,133.38799190134003
118,11,STARLINK-4028,20,1.4844711203337426
118,12,STARLINK-4028,20,4.156939426252763
118,13,STARLINK-4028,20,1.0572096047122503
117,1,STARLINK-5163,0,170.70089016473656
117,2,STARLINK-5163,0,136.24518804013422
117,3,STARLINK-5163,0,153.61692177139017
117,4,STARLINK-5163,0,197.148175296259
117,5,STARLINK-31353,8,87.509151599236
117,6,STARLINK-31353,8,70.7230192383405
117,7,STARLINK-31353,8,115.88606227308641
117,8,STARLINK-31353,8,147.80973673612596
117,9,STARLINK-34165,9,42.343547139143936
117,10,STARLINK-34165,9,104.10274273364737
117,11,STARLINK-34165,9,131.05692228627495
116,1,STARLINK-31701,11,155.56609299152095
116,2,STARLINK-6186,16,142.1733247240623
116,3,STARLINK-6186,16,75.922034088522
116,4,STARLINK-6186,16,199.03517189924324
116,5,STARLINK-4158,21,230.75383852562783
116,6,STARLINK-4158,21,245.23860988437085
116,7,STARLINK-4158,21,253.6270181154059
116,8,STARLINK-33918,4,178.48671044871466
116,9,STARLINK-33918,4,117.55517268643447
116,10,STARLINK-33918,4,133.38799190134003
116,11,STARLINK-34160,19,156.20554618628245
116,12,STARLINK-34160,19,136.11114112531723
116,13,STARLINK-34160,19,115.21621926613342
115,1,STARLINK-5163,11,72.87856349619618
115,2,STARLINK-33875,16,74.23035226410532
115,3,STARLINK-33875,16,104.11910792915234
115,4,STARLINK-33875,16,38.19094785918092
115,5,STARLINK-31353,21,65.40920173920978
115,6,STARLINK-31353,21,11.102650711747822
115,7,STARLINK-31353,21,20.280314233573343
115,8,STARLINK-33918,12,178.46794937305287
115,9,STARLINK-33918,12,117.59377426307069
115,10,STARLINK-33918,12,133.37556926297202
115,11,STARLINK-34160,12,156.20554618628245
115,12,STARLINK-34160,12,136.10848563079165
115,13,STARLINK-34160,12,115.21509518220181
114,1,STARLINK-3701,24,28.3178091226338
114,2,STARLINK-3701,24,56.08440568078966
114,3,STARLINK-6227,4,17.742761213368976
114,4,STARLINK-6227,4,26.087917205127198
114,5,STARLINK-6227,4,61.87935045354255
114,6,STARLINK-6227,4,92.14093811371839
114,7,STARLINK-34165,18,48.78942015744461
114,8,STARLINK-34165,18,28.469543400638262
114,9,STARLINK-34165,18,16.144637767198496
114,10,STARLINK-34165,18,43.77909190626182
114,11,STARLINK-4028,19,0.3853545824329398
114,12,STARLINK-4028,19,1.2941839262297228
114,13,STARLINK-4028,19,0.39072584014058354
113,1,STARLINK-31701,22,155.50069442443194
113,2,STARLINK-6227,20,131.62144380705539
113,3,STARLINK-6227,20,118.5341832262546
113,4,STARLINK-6227,20,90.37413427503992
113,5,STARLINK-31353,4,168.1969702548301
113,6,STARLINK-31353,4,24.971578288704322
113,7,STARLINK-31353,4,50.419306820121044
113,8,STARLINK-33918,12,178.46794937305287
113,9,STARLINK-33918,12,34.46078471583004
113,10,STARLINK-33918,12,43.725365871466714
113,11,STARLINK-34165,10,130.9550303292119
112,1,STARLINK-2575,0,102.67839937891895
112,2,STARLINK-6227,3,57.41906223463757
112,3,STARLINK-6227,3,26.880279145878962
112,4,STARLINK-6227,3,26.087987323734747
112,5,STARLINK-31353,5,218.34615586279935
112,6,STARLINK-31353,5,49.58628053095175
112,7,STARLINK-31353,5,50.419306820121044
112,8,STARLINK-34165,15,154.6089488611929
112,9,STARLINK-34165,15,117.16195305550916
112,10,STARLINK-34165,15,104.13096369148477
112,11,STARLINK-34160,7,156.20554618628245
112,12,STARLINK-34160,7,136.1140463466329
112,13,STARLINK-34160,7,115.21621926613342
119,1,STARLINK-31701,4,34.38759431606909
119,2,STARLINK-31701,4,20.08539814243146
119,3,STARLINK-5086,19,25.23505023272063
119,4,STARLINK-5086,19,242.40721086031164
119,5,STARLINK-5086,19,196.49571698129873
119,6,STARLINK-5086,19,152.10793152699145
119,7,STARLINK-33918,22,67.21122657087481
119,8,STARLINK-33918,22,81.53860007541113
119,9,STARLINK-33918,22,34.46086616453186
119,10,STARLINK-33918,22,43.722873101637894
119,11,STARLINK-34748,6,0.15475218175811925
111,1,STARLINK-3701,4,19.437963106190555
111,2,STARLINK-3701,4,30.5305992204612
111,3,STARLINK-33875,8,104.11910792915234
111,4,STARLINK-33875,8,38.19269678335677
111,5,STARLINK-33875,8,21.532784584333555
111,6,STARLINK-33875,8,213.59934576164943
111,7,STARLINK-33918,9,17.296531411887884
111,8,STARLINK-33918,9,36.278972287875874
111,9,STARLINK-33918,9,31.06980870874982
111,10,STARLINK-33918,9,73.02082406223441
111,11,STARLINK-4028,22,0.38521954602313224
111,12,STARLINK-4028,22,1.2938828863183904
111,13,STARLINK-4028,22,0.39072584014058354
110,1,STARLINK-2575,6,156.18201760268184
110,2,STARLINK-33875,14,76.31659333910223
110,3,STARLINK-33875,14,39.95774201986892
110,4,STARLINK-33875,14,44.448463561666294
110,5,STARLINK-4158,3,130.89041263639112
110,6,STARLINK-4158,3,111.96779516642802
110,7,STARLINK-4158,3,253.6270181154059
110,8,STARLINK-33918,3,178.50653819561032
110,9,STARLINK-33918,3,117.59479999031954
110,10,STARLINK-33918,3,133.35019404053628
110,11,STARLINK-34165,16,130.95208287213288
165,2,STARLINK-31858,18,269.9368814488134
165,3,STARLINK-31910,4,24.010284926672774
165,4,STARLINK-31910,4,45.1896510214617
165,5,STARLINK-31910,4,35.9848172937029
165,6,STARLINK-34163,18,77.66093643532838
165,7,STARLINK-34163,18,43.317901583988935
165,8,STARLINK-34163,18,11.944233924007975
165,9,STARLINK-34160,0,62.14318565058016
165,10,STARLINK-34160,0,106.25765402791035
165,11,STARLINK-34160,0,75.42009190829022
165,12,STARLINK-31678,10,277.9893672523082
169,2,STARLINK-31858,1,269.9367116588858
169,3,STARLINK-31910,12,178.7601101302787
169,4,STARLINK-31910,12,154.52224392381228
169,5,STARLINK-31910,12,88.7737181256978
169,6,STARLINK-34163,12,131.72724705024217
169,7,STARLINK-34163,12,220.06634491072734
169,8,STARLINK-34163,12,101.2765634286453
169,9,STARLINK-34165,12,34.28612859668687
169,10,STARLINK-34165,12,31.17419042615574
169,11,STARLINK-34165,12,50.273062930133456
169,12,STARLINK-31678,1,277.9893672523082
169,13,STARLINK-31678,1,144.63434954856646
168,2,STARLINK-31858,22,109.25535396698999
168,3,STARLINK-31910,22,97.47848571759627
168,4,STARLINK-31910,22,95.43779125239332
168,5,STARLINK-31910,22,35.98481729866051
168,6,STARLINK-34163,9,46.36219197410208
168,7,STARLINK-34163,9,36.31802053359267
168,8,STARLINK-34163,9,11.270267408506372
168,9,STARLINK-34160,15,104.87609792460724
168,10,STARLINK-34160,15,106.25570539718193
168,11,STARLINK-34160,15,75.19055673157912
168,12,STARLINK-32190,23,82.0934025760746
168,13,STARLINK-32190,23,110.56830245185355
168,14,STARLINK-32190,23,179.64692487543462
167,2,STARLINK-5163,13,53.641047318376124
167,3,STARLINK-5163,13,153.61692177139017
167,4,STARLINK-5163,13,197.14807253171486
167,5,STARLINK-5860,10,116.69235523724488
167,6,STARLINK-5860,10,153.05856623756446
167,7,STARLINK-5860,10,111.36273909868866
167,8,STARLINK-5860,10,41.88824839763444
167,9,STARLINK-34160,6,81.68839844770328
167,10,STARLINK-34160,6,179.2182634904105
167,11,STARLINK-34160,6,154.99206114645088
167,12,STARLINK-34160,6,133.18934817033073
167,13,STARLINK-31744,16,171.19275329742396
167,14,STARLINK-31744,16,123.66674611269676
160,2,STARLINK-31858,18,269.9368814488134
160,3,STARLINK-31910,11,51.3557293907593
160,4,STARLINK-31910,11,35.87778038143524
160,5,STARLINK-31910,11,30.727094656047758
160,6,STARLINK-5860,13,103.81369606250217
160,7,STARLINK-5860,13,70.52171348197243
160,8,STARLINK-5860,13,32.234832328346585
160,9,STARLINK-34165,22,26.36363840981855
160,10,STARLINK-34165,22,22.219688793971645
160,11,STARLINK-34165,22,50.122908720891694
160,12,STARLINK-31678,3,278.9044845508116
160,13,STARLINK-31678,3,144.63434954856646
166,2,STARLINK-31858,15,58.36754292050131
166,3,STARLINK-31858,15,55.08504627359033
166,4,STARLINK-32001,19,61.375576732387714
166,5,STARLINK-32001,19,49.511209902610325
166,6,STARLINK-32001,19,63.371287104479244
166,7,STARLINK-32001,19,230.0237213268957
166,8,STARLINK-32001,19,169.6347855244975
166,9,STARLINK-34160,17,31.721996344923312
166,10,STARLINK-34160,17,179.2182634904105
166,11,STARLINK-34160,17,155.10642964838166
166,12,STARLINK-34160,17,84.87618453804437
166,13,STARLINK-31744,24,93.89876224242296
166,14,STARLINK-31744,24,123.66674611269676
164,2,STARLINK-2575,8,34.88041750081362
164,3,STARLINK-2575,8,92.37680652262621
164,4,STARLINK-2575,8,44.59558981710544
164,5,STARLINK-5860,14,50.65780141802612
164,6,STARLINK-5860,14,38.82320853693119
164,7,STARLINK-5860,14,209.23857285806278
164,8,STARLINK-5860,14,128.8768363165094
164,9,STARLINK-34160,23,187.7518412892336
164,10,STARLINK-34160,23,179.2182634904105
164,11,STARLINK-34160,23,156.19923782186615
164,12,STARLINK-34160,23,85.95328819550488
164,13,STARLINK-1966,3,0.007615105264536003
163,2,STARLINK-3701,2,103.74114222558609
163,3,STARLINK-5086,21,27.762217996182606
163,4,STARLINK-5086,21,242.40721086031164
163,5,STARLINK-5086,21,34.187267739261465
163,6,STARLINK-5086,21,29.99054485416998
163,7,STARLINK-33918,8,67.21122657278056
163,8,STARLINK-33918,8,81.53852175083686
163,9,STARLINK-33918,8,34.46072191309163
163,10,STARLINK-33918,8,43.71266990070504
163,11,STARLINK-4028,16,0.47876286213914215
163,12,STARLINK-4028,16,4.151816408257482
163,13,STARLINK-4028,16,0.24066978108799972
162,2,STARLINK-5163,24,17.408944086208372
162,3,STARLINK-5163,24,19.774194251972286
162,4,STARLINK-5163,24,51.30061148092224
162,5,STARLINK-4158,7,111.19991796174381
162,6,STARLINK-4158,7,95.558556972692
162,7,STARLINK-4158,7,57.378708821056414
162,8,STARLINK-4158,7,56.8358710702635
162,9,STARLINK-4158,7,22.152182179950085
162,10,STARLINK-34709,18,0.04489280521660662
162,11,STARLINK-34709,18,0.04633691920304365
162,12,STARLINK-34709,18,1.0051661675482308
161,2,STARLINK-31858,16,102.78353099036231
161,3,STARLINK-31910,13,78.79244123181378
161,4,STARLINK-31910,13,47.56386646618015
161,5,STARLINK-31910,13,78.67297226450569
161,6,STARLINK-34163,15,76.00369623144161
161,7,STARLINK-34163,15,84.1737425558533
161,8,STARLINK-34163,15,36.17564054142395
161,9,STARLINK-34160,23,187.7518412892336
161,10,STARLINK-34160,23,179.2182634904105
161,11,STARLINK-34160,23,156.19923782186615
161,12,STARLINK-32190,1,10.20280832057195
161,13,STARLINK-32190,1,43.58352352079194
161,14,STARLINK-32190,1,179.67593968068607
20,3,STARLINK-6186,8,10.61081262137928
20,4,STARLINK-6186,8,59.165975925933836
20,5,STARLINK-6186,8,42.90188883779078
20,6,STARLINK-33873,6,24.594885000752743
20,7,STARLINK-33873,6,51.70813035638834
20,8,STARLINK-33873,6,64.4532257726391
20,9,STARLINK-33873,6,86.22462277256108
20,10,STARLINK-34160,2,89.55684772254442
20,11,STARLINK-34160,2,155.1064294402509
20,12,STARLINK-34160,2,133.25130523052832
20,13,STARLINK-34160,2,114.54939835144722
20,14,STARLINK-34624,9,0.0035909125756150386
28,3,STARLINK-5163,16,32.01591095903026
28,4,STARLINK-5163,16,52.67758628962333
28,5,STARLINK-32001,18,86.69296996280454
28,6,STARLINK-32001,18,25.1874679462093
28,7,STARLINK-32001,18,34.298301702186656
28,8,STARLINK-32001,18,24.287904844602455
28,9,STARLINK-34160,21,81.68047309826548
28,10,STARLINK-34160,21,179.2182634904105
28,11,STARLINK-34160,21,156.20554618628245
28,12,STARLINK-34160,21,136.10251778249088
28,13,STARLINK-34160,21,115.21621926613342
28,14,STARLINK-34723,2,0.036766774267958366
28,15,STARLINK-34723,2,0.046785825286476936
29,3,STARLINK-30546,8,56.47620493596884
29,4,STARLINK-34163,21,63.417380197562075
29,5,STARLINK-34163,21,10.252536954809852
29,6,STARLINK-34163,21,43.60883019783458
29,7,STARLINK-34163,21,49.38521016908963
29,8,STARLINK-34163,21,15.48646210646822
29,9,STARLINK-34160,16,62.14318565058016
29,10,STARLINK-34160,16,106.25368202784335
29,11,STARLINK-34160,16,75.16659334109333
29,12,STARLINK-34160,16,133.15560279613194
29,13,STARLINK-34160,16,37.83260744611494
29,14,STARLINK-34723,9,0.036765630547465705
29,15,STARLINK-34723,9,0.012981262821594355
21,3,STARLINK-30546,10,73.61427709707846
21,4,STARLINK-32001,8,69.92054774606491
21,5,STARLINK-32001,8,33.2504112608523
21,6,STARLINK-32001,8,23.123456530538906
21,7,STARLINK-33873,8,82.3624040481521
21,8,STARLINK-33873,8,63.73226003788859
21,9,STARLINK-33873,8,96.39329899279657
21,10,STARLINK-34709,11,0.20822164413365596
21,11,STARLINK-34709,11,0.14417821027770886
21,12,STARLINK-34709,11,1.0051661675482308
21,13,STARLINK-32190,11,110.56780691680048
21,14,STARLINK-32190,11,179.67593968068607
21,15,STARLINK-32190,11,73.70337934316257
22,3,STARLINK-30546,10,73.61427709707846
22,4,STARLINK-5086,24,52.00762854644722
22,5,STARLINK-5086,24,88.66020831068494
22,6,STARLINK-5086,24,21.440824010414826
22,7,STARLINK-4158,4,111.94626839944928
22,8,STARLINK-4158,4,70.89460197618996
22,9,STARLINK-4158,4,84.08514138812109
22,10,STARLINK-34709,6,0.04410216390905207
22,11,STARLINK-34709,6,0.03712933119080791
22,12,STARLINK-34709,6,0.3064758483977718
22,13,STARLINK-32190,23,110.56830245185355
22,14,STARLINK-32190,23,179.64692487543462
22,15,STARLINK-32190,23,73.6817182878317
23,3,STARLINK-33875,15,27.72758182370869
23,4,STARLINK-33875,15,12.802268893370703
23,5,STARLINK-33875,15,20.674302874641473
23,6,STARLINK-33875,15,72.24638080270809
23,7,STARLINK-33918,0,13.122351207529368
23,8,STARLINK-33918,0,36.27898834459325
23,9,STARLINK-33918,0,19.132645787776827
23,10,STARLINK-33918,0,34.77257404183405
23,11,STARLINK-4028,9,0.47896845403753624
23,12,STARLINK-4028,9,4.156939426252763
23,13,STARLINK-4028,9,1.0571605840052127
24,3,STARLINK-30546,1,92.65293811476845
24,4,STARLINK-32001,15,27.906695304392855
24,5,STARLINK-32001,15,23.125119242633073
24,6,STARLINK-32001,15,13.947053885488938
24,7,STARLINK-33873,24,110.80534923255584
24,8,STARLINK-33873,24,88.0780701442905
24,9,STARLINK-33873,24,96.39353373217347
24,10,STARLINK-34709,15,0.033664075129281004
24,11,STARLINK-34709,15,0.02405656930695332
24,12,STARLINK-34709,15,0.30655151439246847
24,13,STARLINK-31744,22,93.68139762375641
26,3,STARLINK-30546,5,226.22537493254632
26,4,STARLINK-32001,5,220.1173080660591
26,5,STARLINK-32001,5,42.349484989517265
26,6,STARLINK-32001,5,87.2106864986758
26,7,STARLINK-32001,5,95.98135231906268
26,8,STARLINK-34165,5,37.69751174237047
26,9,STARLINK-34165,5,26.36363840981855
26,10,STARLINK-34165,5,22.215809059084844
26,11,STARLINK-34165,5,50.259107657974205
26,12,STARLINK-1966,1,0.004323645427880262
26,13,STARLINK-1966,1,0.0052201269917520774
27,3,STARLINK-31910,8,24.3698438233103
27,4,STARLINK-31910,8,23.23695439638363
27,5,STARLINK-31910,8,23.768964993199795
27,6,STARLINK-33873,16,10.722533956212164
27,7,STARLINK-33873,16,37.29196334425323
27,8,STARLINK-33873,16,49.63568744994814
27,9,STARLINK-33873,16,74.78930307326706
27,10,STARLINK-34160,10,89.52144830598726
27,11,STARLINK-34160,10,156.09253165498384
27,12,STARLINK-34160,10,21.120820610516724
27,13,STARLINK-34160,10,45.978673516133334
27,14,STARLINK-34624,13,0.0035909125756150386
25,3,STARLINK-30546,16,49.13028585370476
25,4,STARLINK-32001,6,92.25187656844354
25,5,STARLINK-32001,6,38.67266060727253
25,6,STARLINK-32001,6,27.018166204084352
25,7,STARLINK-33873,2,110.80534923485946
25,8,STARLINK-33873,2,88.0789013079194
25,9,STARLINK-33873,2,96.39353373217347
25,10,STARLINK-34160,14,179.2182634904105
25,11,STARLINK-34160,14,156.20554618628245
25,12,STARLINK-34160,14,136.07737115966944
25,13,STARLINK-32190,1,43.581128542519174
25,14,STARLINK-32190,1,179.67593968068607
25,15,STARLINK-32190,1,73.70289467407017
298,5,STARLINK-6186,20,138.45908719323143
298,6,STARLINK-5860,23,32.01060685658076
298,7,STARLINK-5860,23,209.23857285806278
298,8,STARLINK-5860,23,128.8768363165094
298,9,STARLINK-34165,2,12.181840194074885
298,10,STARLINK-34165,2,22.22109674303836
298,11,STARLINK-34165,2,50.137136281076025
298,12,STARLINK-32190,19,31.620859244577844
298,13,STARLINK-32190,19,53.52306013322353
298,14,STARLINK-32190,19,179.67593968068607
298,15,STARLINK-33717,6,194.1708778534861
298,16,STARLINK-33717,6,198.85747947263198
291,5,STARLINK-30955,10,68.19079190822403
291,6,STARLINK-30955,10,70.00632435153052
291,7,STARLINK-30955,10,50.71369004832856
291,8,STARLINK-34165,11,66.73985703494348
291,9,STARLINK-34165,11,117.16088381245169
291,10,STARLINK-34165,11,104.01182252697447
291,11,STARLINK-34165,11,130.96061517488866
291,12,STARLINK-32190,20,79.99628562749218
291,13,STARLINK-32190,20,109.91784652701377
291,14,STARLINK-32190,20,179.67593968068607
291,15,STARLINK-32190,20,73.70067115154681
291,16,STARLINK-34564,0,0.04528560519242388
292,5,STARLINK-30955,8,16.473516178355148
292,6,STARLINK-30955,8,26.39756771622736
292,7,STARLINK-30955,8,28.514591701087156
292,8,STARLINK-34165,5,27.10872506175203
292,9,STARLINK-34165,5,26.36363840981855
292,10,STARLINK-34165,5,22.215809059084844
292,11,STARLINK-34165,5,50.259107657974205
292,12,STARLINK-32190,8,31.857770760878658
292,13,STARLINK-32190,8,53.667716166327864
292,14,STARLINK-32190,8,179.67593968068607
292,15,STARLINK-32190,8,73.70379724682542
293,5,STARLINK-31353,15,34.45018502495341
293,6,STARLINK-31353,15,3.9942771300356124
293,7,STARLINK-31353,15,10.93234499782193
293,8,STARLINK-31353,15,30.565970356660333
293,9,STARLINK-34160,18,30.564954493092443
293,10,STARLINK-34160,18,67.978868001291
293,11,STARLINK-34160,18,75.39792435260007
293,12,STARLINK-34160,18,135.41888387697333
293,13,STARLINK-34160,18,115.21621926613342
293,14,STARLINK-33717,5,69.73230361991351
293,15,STARLINK-33717,5,134.38381026127152
293,16,STARLINK-33717,5,188.8350524520646
293,17,STARLINK-33717,5,195.91981301525038
294,5,STARLINK-34163,14,32.94875626929129
294,6,STARLINK-34163,14,35.46503348767895
294,7,STARLINK-34163,14,76.19753604366653
294,8,STARLINK-34163,14,43.68709921437506
294,9,STARLINK-34160,13,39.71759585731558
294,10,STARLINK-34160,13,179.21656607095653
294,11,STARLINK-34160,13,156.20554618628245
294,12,STARLINK-34160,13,136.11318871516588
294,13,STARLINK-34160,13,115.21365792593458
294,14,STARLINK-33717,8,69.73233320446718
294,15,STARLINK-33717,8,138.21143538952106
294,16,STARLINK-33717,8,198.85710335573287
294,17,STARLINK-33717,8,205.48038300088436
295,5,STARLINK-6186,7,37.50107610591172
295,6,STARLINK-5860,5,70.7294957549359
295,7,STARLINK-5860,5,43.43319234215685
295,8,STARLINK-5860,5,20.37149205614278
295,9,STARLINK-34165,6,11.363138808531698
295,10,STARLINK-34165,6,31.16466112202426
295,11,STARLINK-34165,6,50.10983052025931
295,12,STARLINK-32190,24,31.932644424946577
295,13,STARLINK-32190,24,26.8956529464396
295,14,STARLINK-32190,24,95.23081318454483
295,15,STARLINK-33717,12,194.1708778534861
295,16,STARLINK-33717,12,198.83819567951014
295,17,STARLINK-33717,12,205.47389054449312
296,5,STARLINK-31353,1,218.3461909500159
296,6,STARLINK-34163,10,47.129062578127304
296,7,STARLINK-34163,10,42.54659061691624
296,8,STARLINK-34163,10,21.829707614490204
296,10,STARLINK-34709,14,0.20822217313727992
296,11,STARLINK-34709,14,0.14417821027770886
296,12,STARLINK-34709,14,1.0047070152523012
296,13,STARLINK-32190,16,26.85873436104174
296,14,STARLINK-32190,16,95.23081318454483
296,15,STARLINK-32190,16,73.70379724682542
297,5,STARLINK-6186,10,54.365467297653375
297,6,STARLINK-5860,8,19.106136991815948
297,7,STARLINK-5860,8,25.344015069693917
297,8,STARLINK-5860,8,13.927011016587587
297,9,STARLINK-34165,4,30.858665882437275
297,10,STARLINK-34165,4,43.77909190626182
297,11,STARLINK-34165,4,131.05845627237184
297,12,STARLINK-32190,9,79.99628562749218
297,13,STARLINK-32190,9,109.91457470853275
297,14,STARLINK-32190,9,179.6440920839599
297,15,STARLINK-33717,16,138.21143538952106
297,16,STARLINK-33717,16,198.85771955652712
290,5,STARLINK-6186,17,49.589881897902835
290,6,STARLINK-34163,23,30.726095885676116
290,7,STARLINK-34163,23,76.19753604366653
290,8,STARLINK-34163,23,43.68709921437506
290,10,STARLINK-34709,16,0.03366368457069289
290,11,STARLINK-34709,16,0.024051130558428464
290,12,STARLINK-34709,16,0.23309294138070652
290,13,STARLINK-32190,15,53.52306013322353
290,14,STARLINK-32190,15,179.67586518434834
290,15,STARLINK-32190,15,73.70067115154681
290,16,STARLINK-30906,16,112.83991818813871
299,5,STARLINK-31366,9,15.76815111891831
299,6,STARLINK-4158,14,35.096574725527695
299,7,STARLINK-4158,14,59.51849559847112
299,8,STARLINK-4158,14,100.43896131589926
299,9,STARLINK-4158,14,159.13918305240844
299,10,STARLINK-34160,20,179.21197020376152
299,11,STARLINK-34160,20,155.10642964838166
299,12,STARLINK-34160,20,84.87618453804437
299,13,STARLINK-34160,20,58.1549491077715
299,14,STARLINK-30906,19,63.12805236119538
299,15,STARLINK-30906,19,85.52578021962529
299,16,STARLINK-30906,19,151.7676965301883
218,7,STARLINK-32001,2,47.078044780638805
218,8,STARLINK-33918,17,29.758348874060527
218,9,STARLINK-33918,17,11.426888808695322
218,10,STARLINK-33918,17,43.726576133473934
218,11,STARLINK-4028,13,0.3853545824329398
218,12,STARLINK-4028,13,1.2941940640031402
218,13,STARLINK-4028,13,0.39072078843687363
218,14,STARLINK-33717,23,184.2370829712559
218,15,STARLINK-33717,23,194.13279254843061
218,16,STARLINK-33717,23,198.85771955652712
218,17,STARLINK-6116,6,50.053702747063184
218,18,STARLINK-6116,6,117.16150554586648
218,19,STARLINK-6116,6,135.97077640721076
210,7,STARLINK-30955,20,198.24632879406
210,8,STARLINK-33918,19,70.9960002643632
210,9,STARLINK-33918,19,34.46086616453186
210,10,STARLINK-33918,19,43.726576133473934
210,11,STARLINK-4028,3,1.4844680680759488
210,12,STARLINK-4028,3,0.37705795134400666
210,13,STARLINK-4028,3,0.3029089031741576
210,14,STARLINK-30906,13,172.38582541175438
210,15,STARLINK-30906,13,129.81832889948433
210,16,STARLINK-30906,13,269.01291295884636
210,17,STARLINK-6116,8,50.05392366725744
210,18,STARLINK-6116,8,117.15847825721235
210,19,STARLINK-6116,8,135.97077640721076
211,7,STARLINK-31684,5,20.461701354863568
211,8,STARLINK-34165,24,28.469135634121944
211,9,STARLINK-34165,24,12.181840194074885
211,10,STARLINK-34165,24,22.22109674303836
211,11,STARLINK-34165,24,50.273062930133456
211,12,STARLINK-32190,10,8.558170122177899
211,13,STARLINK-32190,10,30.993516800428527
211,14,STARLINK-32190,10,179.67310579633525
211,15,STARLINK-32190,10,73.70289467407017
211,16,STARLINK-31771,2,181.7319605565861
211,17,STARLINK-31771,2,221.95086211904646
212,7,STARLINK-30955,18,19.63440645897758
212,8,STARLINK-33918,6,20.78256074724282
212,9,STARLINK-33918,6,10.40226873087271
212,10,STARLINK-33918,6,34.763817837765636
212,11,STARLINK-4028,21,0.3853545824329398
212,12,STARLINK-4028,21,1.2941412294185073
212,13,STARLINK-4028,21,0.39072584014058354
212,14,STARLINK-30906,4,172.3886099563213
212,15,STARLINK-30906,4,129.81773097102212
212,16,STARLINK-30906,4,269.0342296222241
212,17,STARLINK-5950,4,164.69231092835852
212,18,STARLINK-5950,4,31.862811017898686
212,19,STARLINK-5950,4,20.520367923768273
213,7,STARLINK-31684,8,13.279554015691994
213,8,STARLINK-34165,14,27.097134386845855
213,9,STARLINK-34165,14,42.343671304948835
213,10,STARLINK-34165,14,104.01199651915714
213,11,STARLINK-34165,14,130.96061517488866
213,12,STARLINK-32190,4,82.09324943508962
213,13,STARLINK-32190,4,110.56830245185355
213,14,STARLINK-32190,4,70.41538208556015
213,15,STARLINK-32190,4,29.411183887740947
213,16,STARLINK-31771,3,181.7319605565861
213,17,STARLINK-31771,3,212.92542202080088
213,18,STARLINK-31771,3,46.58587489920612
214,7,STARLINK-32001,14,26.846311758446944
214,8,STARLINK-33918,7,24.102604296452714
214,9,STARLINK-33918,7,11.426888808695322
214,10,STARLINK-33918,7,43.726576133473934
214,11,STARLINK-4028,18,0.249375919104605
214,12,STARLINK-4028,18,1.2907461266520115
214,13,STARLINK-4028,18,0.39072584014058354
214,14,STARLINK-30906,17,63.12805236119538
214,15,STARLINK-30906,17,43.858040590309244
214,16,STARLINK-30906,17,97.83723455003278
214,17,STARLINK-31771,16,79.1105310725345
215,7,STARLINK-30955,13,39.45660537525723
215,8,STARLINK-33918,11,52.49618840981276
215,9,STARLINK-33918,11,57.194080296746144
215,10,STARLINK-33918,11,72.991702161592
215,11,STARLINK-4028,12,0.24942795925281833
215,12,STARLINK-4028,12,1.294170778404691
215,13,STARLINK-4028,12,0.39072362313576753
215,14,STARLINK-30906,13,172.38582541175438
215,15,STARLINK-30906,13,129.81832889948433
215,16,STARLINK-30906,13,269.01291295884636
215,17,STARLINK-31771,20,221.95086259271693
215,18,STARLINK-31771,20,274.7894376205075
216,7,STARLINK-30955,11,46.4585489548896
216,8,STARLINK-33918,16,24.850353110839833
216,9,STARLINK-33918,16,10.40226873087271
216,10,STARLINK-33918,16,34.763134327522806
216,11,STARLINK-4028,24,0.24942795925281833
216,12,STARLINK-4028,24,0.9827188202098411
216,13,STARLINK-4028,24,0.13734560160362552
216,14,STARLINK-30906,23,61.21325561288404
216,15,STARLINK-30906,23,37.72697178772073
216,16,STARLINK-30906,23,112.83991818813871
216,17,STARLINK-31771,1,221.95086259271693
216,18,STARLINK-31771,1,274.7894376205075
217,7,STARLINK-31684,19,33.26751293513591
217,8,STARLINK-34165,20,154.61990877027114
217,9,STARLINK-34165,20,34.28620969088279
217,10,STARLINK-34165,20,31.17469888490518
217,11,STARLINK-34165,20,50.13713630695334
217,12,STARLINK-32190,0,31.932644424946577
217,13,STARLINK-32190,0,53.66820280375245
217,14,STARLINK-32190,0,179.67551878738522
217,15,STARLINK-32190,0,73.70379724682542
217,16,STARLINK-34564,21,0.04528560519242388
217,17,STARLINK-34564,21,0.05771569937171467
219,7,STARLINK-31684,4,19.505707796984133
219,8,STARLINK-34165,17,18.444920380070972
219,9,STARLINK-34165,17,10.3385187307091
219,10,STARLINK-34165,17,22.22109674303836
219,11,STARLINK-34165,17,50.13713630695334
219,12,STARLINK-32190,2,31.621164935008213
219,13,STARLINK-32190,2,53.522986452128926
219,14,STARLINK-32190,2,179.64692487543462
219,15,STARLINK-32190,2,73.6817182878317
219,16,STARLINK-34564,8,0.004146162018851676
219,17,STARLINK-34564,8,0.0063076034638099914
40,9,STARLINK-33873,9,90.65247571989548
40,10,STARLINK-34709,12,0.0336635969562428
40,11,STARLINK-34709,12,0.02405658120230722
40,12,STARLINK-34709,12,0.30654503815807316
40,14,STARLINK-33717,13,184.2635366343535
40,15,STARLINK-33717,13,194.1708778534861
40,16,STARLINK-33717,13,198.8377073752875
40,17,STARLINK-6116,9,51.81237477507462
40,18,STARLINK-6116,9,26.469794344338325
40,19,STARLINK-6116,9,25.483592455203897
40,20,STARLINK-3752,6,66.71455329027556
41,9,STARLINK-33873,3,108.45678502564215
41,10,STARLINK-34709,0,0.024908247186649433
41,11,STARLINK-34709,0,0.024108607593248253
41,12,STARLINK-34709,0,0.23515228889315554
41,14,STARLINK-33717,4,45.262265899292395
41,15,STARLINK-33717,4,85.73499806167375
41,16,STARLINK-33717,4,35.689509573079235
41,17,STARLINK-5950,24,78.69908812528617
41,18,STARLINK-5950,24,42.29193502263943
41,19,STARLINK-5950,24,17.808768176780106
41,20,STARLINK-30069,21,210.20571333797636
41,21,STARLINK-30069,21,136.18620695746517
42,9,STARLINK-34756,0,0.0054377528933395695
42,10,STARLINK-34160,0,67.978868001291
42,11,STARLINK-34160,0,75.39786364750117
42,12,STARLINK-34160,0,85.69379709258467
42,13,STARLINK-34160,0,58.3161196180323
42,14,STARLINK-33717,9,69.7284746440216
42,15,STARLINK-33717,9,78.4424662068867
42,16,STARLINK-33717,9,36.71665384291217
42,17,STARLINK-33717,9,50.86889432086595
42,18,STARLINK-6116,15,117.16132843305348
42,19,STARLINK-6116,15,135.97077640721076
42,20,STARLINK-6116,15,185.61523138265028
43,9,STARLINK-33873,0,90.64855478952336
43,10,STARLINK-34709,20,0.033664075129281004
43,11,STARLINK-34709,20,0.02405658120230722
43,12,STARLINK-34709,20,0.23316057137244633
43,14,STARLINK-33717,10,69.73198990781906
43,15,STARLINK-33717,10,138.21073049194658
43,16,STARLINK-33717,10,198.85771955652712
43,17,STARLINK-6116,8,50.05049921480959
43,18,STARLINK-6116,8,117.15847825721235
43,19,STARLINK-6116,8,135.97077640721076
152,9,STARLINK-4158,22,34.182339932130205
152,11,STARLINK-4028,18,0.249375919104605
152,12,STARLINK-4028,18,1.2907461266520115
152,13,STARLINK-4028,18,0.39072584014058354
152,14,STARLINK-30906,2,63.124786556799855
152,15,STARLINK-30906,2,85.51284993308454
152,16,STARLINK-30906,2,123.81758260349564
152,17,STARLINK-31001,3,32.28286423688829
152,18,STARLINK-31001,3,14.634793559999226
152,19,STARLINK-31001,3,77.0680115186819
152,20,STARLINK-31996,1,211.0429110742932
152,21,STARLINK-31996,1,254.5697946829596
45,9,STARLINK-34165,3,13.057541889304153
45,10,STARLINK-34165,3,43.77360833108103
45,11,STARLINK-34165,3,130.0527974297922
45,12,STARLINK-32190,7,31.932644424946577
45,13,STARLINK-32190,7,53.66820280375245
45,14,STARLINK-32190,7,179.67593968068607
45,15,STARLINK-32190,7,73.70379724682542
45,16,STARLINK-6116,0,212.81228644263018
45,17,STARLINK-6116,0,166.17024998224147
45,18,STARLINK-6116,0,117.16150554586648
45,19,STARLINK-6116,0,135.97077640721076
45,20,STARLINK-34756,11,0.1057567569900387
46,9,STARLINK-4158,20,41.58798902782101
46,11,STARLINK-4028,21,0.3853545824329398
46,12,STARLINK-4028,21,1.2941412294185073
46,13,STARLINK-4028,21,0.39072584014058354
46,14,STARLINK-30906,16,32.549339832954956
46,15,STARLINK-30906,16,33.04945971658623
46,16,STARLINK-30906,16,79.13038822679702
46,17,STARLINK-30530,6,26.940548436349278
46,18,STARLINK-30530,6,120.04070612819342
46,19,STARLINK-30530,6,38.93324377122358
46,20,STARLINK-3752,12,95.82812931181098
150,9,STARLINK-34165,7,10.3385187307091
150,10,STARLINK-34165,7,22.22109674303836
150,11,STARLINK-34165,7,50.273062930133456
150,12,STARLINK-32190,21,31.931407157691886
150,13,STARLINK-32190,21,53.66820280375245
150,14,STARLINK-32190,21,179.67593968068607
150,15,STARLINK-32190,21,73.70379724682542
150,16,STARLINK-6116,9,43.70699539432786
150,17,STARLINK-6116,9,30.58051890452101
150,18,STARLINK-6116,9,26.469794344338325
150,19,STARLINK-6116,9,25.483592455203897
150,20,STARLINK-34756,23,0.1057567569900387
150,21,STARLINK-34756,23,0.09025605579866092
44,9,STARLINK-34160,9,25.611648664654112
44,10,STARLINK-34160,9,67.99353103205715
44,11,STARLINK-34160,9,75.19026297245351
44,12,STARLINK-32190,22,31.61446127879114
44,13,STARLINK-32190,22,26.8596373265692
44,14,STARLINK-32190,22,95.23081318454483
44,15,STARLINK-32190,22,73.70379724682542
44,16,STARLINK-5950,16,26.25788597804006
44,17,STARLINK-5950,16,27.490139232605575
44,18,STARLINK-5950,16,21.467147025327044
44,19,STARLINK-5950,16,145.28033996774045
151,9,STARLINK-33873,22,66.05892601636295
151,10,STARLINK-34709,23,0.2080968442345068
151,11,STARLINK-34709,23,0.14416759153404354
151,12,STARLINK-34709,23,1.0051661675482308
151,13,STARLINK-32190,3,43.485950413417044
151,14,STARLINK-32190,3,179.67569545966398
151,15,STARLINK-32190,3,73.70379724682542
151,16,STARLINK-6116,19,40.40855024912176
151,17,STARLINK-6116,19,66.10126974288862
151,18,STARLINK-6116,19,50.43832976188021
151,19,STARLINK-5078,13,274.4652426866429
151,20,STARLINK-5078,13,199.2701491037403
151,21,STARLINK-5078,13,191.1556177718525
48,9,STARLINK-34165,18,12.181840194074885
48,10,STARLINK-34165,18,22.215809059084844
48,11,STARLINK-34165,18,50.259905029041946
48,12,STARLINK-32190,6,31.54096946297853
48,13,STARLINK-32190,6,53.52306013322353
48,14,STARLINK-32190,6,65.14187284794255
48,15,STARLINK-32190,6,17.744354782860352
48,16,STARLINK-5950,0,37.25408780953513
48,17,STARLINK-5950,0,64.5945518952
48,18,STARLINK-5950,0,67.90764204665132
48,19,STARLINK-5950,0,66.29959513027715
48,20,STARLINK-34756,11,0.1057567569900387
153,9,STARLINK-4158,20,41.58798902782101
153,10,STARLINK-34709,22,0.024906816178069866
153,11,STARLINK-34709,22,0.024051130558428464
153,12,STARLINK-34709,22,0.23311764616910977
153,14,STARLINK-33717,1,184.26640003721067
153,15,STARLINK-33717,1,194.1693210557806
153,16,STARLINK-33717,1,77.24735170822706
153,17,STARLINK-5950,2,43.90246324775618
153,18,STARLINK-5950,2,21.467400440777368
153,19,STARLINK-5950,2,145.28033996774045
49,9,STARLINK-34160,3,25.611757038425512
49,10,STARLINK-34160,3,67.99355984576637
49,11,STARLINK-34160,3,75.1905725695273
49,12,STARLINK-32190,18,31.85779301595106
49,13,STARLINK-32190,18,53.66820280375245
49,14,STARLINK-32190,18,179.67593968068607
49,15,STARLINK-32190,18,73.70379724682542
49,16,STARLINK-6116,16,42.854509457412085
49,17,STARLINK-6116,16,22.53283297383089
49,18,STARLINK-6116,16,14.62569980472759
49,19,STARLINK-6116,16,56.99003156974747
49,20,STARLINK-2523,2,100.22455886174929
49,21,STARLINK-2523,2,108.0008754757777
159,9,STARLINK-33873,8,96.39329899279657
159,10,STARLINK-34709,24,0.024908247186649433
159,11,STARLINK-34709,24,0.02405658120230722
159,12,STARLINK-34709,24,0.23316057137244633
159,14,STARLINK-30906,9,38.656661467250245
159,15,STARLINK-30906,9,24.29192209178865
159,16,STARLINK-30906,9,68.05187632818632
159,17,STARLINK-5950,23,48.71984704955434
159,18,STARLINK-5950,23,132.8508381456066
159,19,STARLINK-5950,23,145.28033996774045
159,20,STARLINK-30069,21,210.20571333797636
158,9,STARLINK-34165,8,26.36355374675495
158,10,STARLINK-34165,8,22.215809059084844
158,11,STARLINK-34165,8,50.259905029041946
158,12,STARLINK-32190,11,81.58287980033975
158,13,STARLINK-32190,11,110.56780691680048
158,14,STARLINK-32190,11,179.67593968068607
158,15,STARLINK-32190,11,73.70337934316257
158,16,STARLINK-5950,10,41.28885184310992
158,17,STARLINK-5950,10,49.36549719509511
158,18,STARLINK-5950,10,134.63081783063757
158,19,STARLINK-5950,10,61.22177049978582
158,20,STARLINK-34756,22,0.02118460412880084
158,21,STARLINK-34756,22,0.09025605579866092
157,9,STARLINK-33873,0,90.64855478952336
157,10,STARLINK-34709,2,0.024908247186649433
157,11,STARLINK-34709,2,0.024056581192391485
157,12,STARLINK-34709,2,0.23316057137244633
157,14,STARLINK-30906,14,172.38834211623293
157,15,STARLINK-30906,14,129.81832889948433
157,16,STARLINK-30906,14,269.03490683636016
157,17,STARLINK-30530,12,39.29946285006906
157,18,STARLINK-30530,12,207.70858108448382
157,19,STARLINK-30530,12,45.428466450286024
156,9,STARLINK-34756,7,0.003067979469892364
156,10,STARLINK-34160,2,67.978868001291
156,11,STARLINK-34160,2,75.16852062692172
156,12,STARLINK-34160,2,84.62343291755391
156,13,STARLINK-34160,2,58.15486729589079
156,14,STARLINK-33717,0,69.73228221806545
156,15,STARLINK-33717,0,138.21143538952106
156,16,STARLINK-33717,0,48.84832895041968
156,17,STARLINK-33717,0,59.02517604937933
156,18,STARLINK-6116,4,20.27340094311352
156,19,STARLINK-6116,4,15.653684374968869
156,20,STARLINK-6116,4,32.004909685396605
155,9,STARLINK-4158,2,22.98272788673029
155,11,STARLINK-4028,7,0.24942795925281833
155,12,STARLINK-4028,7,0.9827188202098411
155,13,STARLINK-4028,7,0.24558316961166163
155,14,STARLINK-33717,9,45.26066845245954
155,15,STARLINK-33717,9,58.879636110339895
155,16,STARLINK-33717,9,28.775367358809778
155,17,STARLINK-5950,23,48.71984704955434
155,18,STARLINK-5950,23,132.8508381456066
155,19,STARLINK-5950,23,145.28033996774045
154,9,STARLINK-4158,18,19.872851895429125
154,10,STARLINK-34709,3,0.02490682392651137
154,11,STARLINK-34709,3,0.024056572901166185
154,12,STARLINK-34709,3,0.06944656377076848
154,14,STARLINK-30906,11,172.3886099563213
154,15,STARLINK-30906,11,129.81773097102212
154,16,STARLINK-30906,11,269.03490683636016
154,17,STARLINK-30530,16,14.362385027354835
154,18,STARLINK-30530,16,33.905815060233444
154,19,STARLINK-30530,16,75.86507849088603
154,20,STARLINK-30069,12,34.39918764775783
154,21,STARLINK-30069,12,48.1055282813864
47,9,STARLINK-4158,3,18.029530432063364
47,10,STARLINK-34709,9,0.024906816178069866
47,11,STARLINK-34709,9,0.024056502642014248
47,12,STARLINK-34709,9,0.23316057137244633
47,14,STARLINK-33717,11,73.0941121578196
47,15,STARLINK-33717,11,102.08177796959905
47,16,STARLINK-33717,11,42.66273090830567
47,17,STARLINK-5950,7,164.71233662287244
47,18,STARLINK-5950,7,134.63081783063757
47,19,STARLINK-5950,7,145.28033996774045
239,11,STARLINK-4028,10,0.3852232896748628
239,12,STARLINK-4028,10,0.29145388827343904
239,13,STARLINK-4028,10,0.15558983849736618
239,14,STARLINK-33717,1,184.26640003721067
239,15,STARLINK-33717,1,194.1693210557806
239,16,STARLINK-33717,1,77.24735170822706
239,17,STARLINK-6116,8,50.05049921480959
239,18,STARLINK-6116,8,117.15847825721235
239,19,STARLINK-6116,8,135.97077640721076
239,20,STARLINK-5158,23,208.29569538690345
239,21,STARLINK-5158,23,157.41903176730222
239,22,STARLINK-5158,23,221.40569752402388
237,11,STARLINK-4028,13,0.3853545824329398
237,12,STARLINK-4028,13,1.2941940640031402
237,13,STARLINK-4028,13,0.39072078843687363
237,14,STARLINK-33717,14,73.09407576814782
237,15,STARLINK-33717,14,102.08194676691937
237,16,STARLINK-33717,14,42.66273090830567
237,17,STARLINK-33717,14,106.80270565189831
237,18,STARLINK-30069,9,72.36995845318692
237,19,STARLINK-30069,9,24.704478845236707
237,20,STARLINK-30069,9,58.225171294105394
237,21,STARLINK-30069,9,36.739718416214735
237,22,STARLINK-11520 [DTC],17,62.81167964325802
237,23,STARLINK-11520 [DTC],17,64.86672032320051
236,11,STARLINK-4028,1,0.4787708707915738
236,12,STARLINK-4028,1,0.3767643716648128
236,13,STARLINK-4028,1,0.3029089031741576
236,14,STARLINK-33717,15,69.73232418010447
236,15,STARLINK-33717,15,138.2089939079105
236,16,STARLINK-33717,15,63.10532469717347
236,17,STARLINK-33717,15,89.33666734779042
236,18,STARLINK-30530,0,80.90530848899202
236,19,STARLINK-30530,0,75.86507849088603
236,20,STARLINK-30530,0,54.798599566686995
236,21,STARLINK-30530,0,93.4925491408762
235,11,STARLINK-4028,5,0.3852228567741842
235,12,STARLINK-4028,5,0.29145388827343904
235,13,STARLINK-4028,5,0.15558983849736618
235,14,STARLINK-33717,23,73.0902382099917
235,15,STARLINK-33717,23,102.07302686048105
235,16,STARLINK-33717,23,42.66273090830567
235,17,STARLINK-33717,23,196.71621494070754
235,18,STARLINK-30530,14,80.61815682730703
235,19,STARLINK-30530,14,84.2271907392923
235,20,STARLINK-30530,14,187.2826297165235
235,21,STARLINK-30530,14,93.53502377223387
235,22,STARLINK-5078,12,56.756518684466585
235,23,STARLINK-5078,12,85.30181422312567
234,11,STARLINK-4028,23,1.4825212862828245
234,12,STARLINK-4028,23,4.121529394166929
234,13,STARLINK-4028,23,1.0572096047122503
234,14,STARLINK-33717,4,45.262265899292395
234,15,STARLINK-33717,4,85.73499806167375
234,16,STARLINK-33717,4,26.245248897846572
234,17,STARLINK-5950,0,27.940357802104455
234,18,STARLINK-5950,0,28.772244407449943
234,19,STARLINK-5950,0,29.636208911682726
234,20,STARLINK-3752,5,85.0194258942196
234,21,STARLINK-3752,5,11.742218804300819
234,22,STARLINK-3752,5,36.86108038386446
233,11,STARLINK-34748,19,0.04038367982736697
233,12,STARLINK-34748,19,0.021271429176229133
233,14,STARLINK-30906,14,61.21629327240355
233,15,STARLINK-30906,14,37.729397812917604
233,16,STARLINK-30906,14,112.83991818813871
233,17,STARLINK-30530,24,36.81419157185733
233,18,STARLINK-30530,24,61.28682553474594
233,19,STARLINK-30530,24,30.651690597714833
233,20,STARLINK-31996,19,66.60579297250882
233,21,STARLINK-31996,19,254.57992613861035
233,22,STARLINK-31996,19,205.79723584081339
233,23,STARLINK-30334,0,302.75248160732446
232,11,STARLINK-34748,12,0.02615064312184488
232,12,STARLINK-34748,12,0.02790047894192458
232,14,STARLINK-30906,3,63.128024876348015
232,15,STARLINK-30906,3,85.52578021962529
232,16,STARLINK-30906,3,123.81758260349564
232,17,STARLINK-31457,16,12.123022010292784
232,18,STARLINK-31457,16,4.439909427196817
232,19,STARLINK-31457,16,25.363494701403745
232,20,STARLINK-3752,2,77.21424423685015
232,21,STARLINK-3752,2,22.963402468332575
232,22,STARLINK-3752,2,53.1370642056142
231,11,STARLINK-4028,8,0.249375919104605
231,12,STARLINK-4028,8,0.9807265103077878
231,13,STARLINK-4028,8,0.24558142239425435
231,14,STARLINK-33717,19,45.262265899292395
231,15,STARLINK-33717,19,85.73511488648201
231,16,STARLINK-33717,19,26.245252601309712
231,17,STARLINK-33717,19,59.02813984580104
231,18,STARLINK-30530,4,43.84988797465226
231,19,STARLINK-30530,4,30.508665955528457
231,20,STARLINK-30530,4,25.438070685221057
231,21,STARLINK-30530,4,17.791107068961455
238,11,STARLINK-4028,0,0.47877907721100627
238,12,STARLINK-4028,0,2.0510912777198813
238,13,STARLINK-4028,0,0.40675367987247435
238,14,STARLINK-33717,24,53.572872725005354
238,15,STARLINK-33717,24,138.21143538952106
238,16,STARLINK-33717,24,98.59562244568109
238,17,STARLINK-33717,24,51.30433545405334
238,18,STARLINK-30530,3,16.18086396406798
238,19,STARLINK-30530,3,58.12222309009776
238,20,STARLINK-30530,3,59.08543191904864
238,21,STARLINK-30530,3,31.96568201635232
230,11,STARLINK-4028,23,1.4825212862828245
230,12,STARLINK-4028,23,4.121529394166929
230,13,STARLINK-4028,23,1.0572096047122503
230,14,STARLINK-33717,1,184.26640003721067
230,15,STARLINK-33717,1,194.1693210557806
230,16,STARLINK-33717,1,77.24735170822706
230,17,STARLINK-33717,1,62.65947474356133
230,18,STARLINK-30530,5,197.55944131787595
230,19,STARLINK-30530,5,26.35854760496904
230,20,STARLINK-30530,5,34.32259964666388
230,21,STARLINK-30530,5,22.50561566027421
230,22,STARLINK-3752,0,14.99258785461141
230,23,STARLINK-3752,0,13.747481894164563
50,12,STARLINK-31678,7,139.86611969250006
50,13,STARLINK-31678,7,52.63212446412816
50,15,STARLINK-31457,12,45.581854098102376
50,16,STARLINK-31457,12,83.65109536369941
50,17,STARLINK-31457,12,27.87286793248208
50,18,STARLINK-5158,7,221.72835703194104
50,19,STARLINK-5158,7,74.62954709345901
50,20,STARLINK-5158,7,74.17425761262915
50,21,STARLINK-31996,8,254.58203800893457
50,22,STARLINK-31996,8,205.79723584081339
50,23,STARLINK-31996,8,149.83133424038317
50,24,STARLINK-30603,14,260.67709074803565
56,12,STARLINK-31678,18,140.39168109207847
56,13,STARLINK-31678,18,52.72211779524245
56,14,STARLINK-33717,23,73.0902382099917
56,15,STARLINK-33717,23,102.07302686048105
56,16,STARLINK-33717,23,42.66273090830567
56,17,STARLINK-31001,3,24.79220339738197
56,18,STARLINK-31001,3,12.611544758609126
56,19,STARLINK-31001,3,40.2467839367553
56,20,STARLINK-5078,17,64.08473818092378
56,21,STARLINK-5078,17,39.79227425148577
56,22,STARLINK-5078,17,19.04468087842155
57,12,STARLINK-32190,12,31.540519472883698
57,13,STARLINK-32190,12,53.52281753651509
57,14,STARLINK-32190,12,65.14186459954448
57,15,STARLINK-34345,22,5.5234277595574115
57,16,STARLINK-34345,22,2.038291546268514
57,17,STARLINK-34345,22,2.8596721336841466
57,18,STARLINK-34345,22,4.608177124294747
57,19,STARLINK-31996,24,12.377264487597426
57,20,STARLINK-31996,24,31.5579836263848
57,21,STARLINK-31996,24,120.99463214663322
57,22,STARLINK-31996,24,115.02753669070675
57,23,STARLINK-34723,0,0.0033171042664798204
57,24,STARLINK-34723,0,0.0029687823972162778
55,12,STARLINK-31678,15,139.70240787766275
55,13,STARLINK-31678,15,52.63212446412816
55,15,STARLINK-31457,22,96.68463278017192
55,16,STARLINK-31457,22,75.66629086362751
55,17,STARLINK-31457,22,48.81505165574769
55,18,STARLINK-5158,5,161.0756643044247
55,19,STARLINK-5158,5,13.271249143224635
55,20,STARLINK-5158,5,32.17718027008553
55,21,STARLINK-31996,0,124.66408663877807
55,22,STARLINK-31996,0,51.640502094697084
55,23,STARLINK-31996,0,18.272030094756815
55,24,STARLINK-30603,17,261.2855375748082
54,12,STARLINK-31678,2,204.90315405649176
54,13,STARLINK-31678,2,77.45045606093812
54,15,STARLINK-31457,12,40.0866001355326
54,16,STARLINK-31457,12,83.65109536369941
54,17,STARLINK-31457,12,27.87286793248208
54,18,STARLINK-5158,17,282.14862833562603
54,19,STARLINK-5158,17,20.900482793595916
54,20,STARLINK-5158,17,44.3598386035892
54,21,STARLINK-5311,19,40.04671868015659
54,22,STARLINK-5311,19,24.912720848872894
53,12,STARLINK-31678,2,204.90315405649176
53,13,STARLINK-31678,2,77.45045606093812
53,14,STARLINK-30906,7,63.12805236119538
53,15,STARLINK-30906,7,85.52578021962529
53,16,STARLINK-30906,7,151.76778708582657
53,17,STARLINK-30530,2,24.871654678903248
53,18,STARLINK-30530,2,37.80863647909354
53,19,STARLINK-30530,2,38.270295486639796
53,20,STARLINK-5158,22,81.0142686462461
53,21,STARLINK-5158,22,157.41903176730222
53,22,STARLINK-5158,22,221.40569752402388
53,23,STARLINK-30334,23,152.8790880992418
53,24,STARLINK-30334,23,72.7440982901984
52,12,STARLINK-31678,11,277.9893672523082
52,13,STARLINK-31678,11,144.63377517488368
52,14,STARLINK-33717,17,45.262265899292395
52,15,STARLINK-33717,17,58.882478759909255
52,16,STARLINK-33717,17,28.775367358809778
52,17,STARLINK-33717,17,105.97542303906502
52,18,STARLINK-30069,15,132.69047110890946
52,19,STARLINK-30069,15,59.09330461417289
52,20,STARLINK-30069,15,82.12804168555682
52,21,STARLINK-30069,15,136.18171230877115
52,22,STARLINK-34628,13,0.004545840251052351
51,12,STARLINK-31678,4,207.02138852350348
51,13,STARLINK-31678,4,77.64957061750485
51,14,STARLINK-33717,7,45.262265899292395
51,15,STARLINK-33717,7,85.73511488648201
51,16,STARLINK-33717,7,35.68952528680583
51,17,STARLINK-33717,7,90.15152637106121
51,18,STARLINK-30069,7,27.724987437594518
51,19,STARLINK-30069,7,32.31365098633312
51,20,STARLINK-30069,7,45.49241685277773
51,21,STARLINK-30069,7,35.4929940850734
51,22,STARLINK-34628,1,0.0021696533484024403
58,12,STARLINK-31678,16,139.67893055832084
58,13,STARLINK-31678,16,32.3291419203897
58,14,STARLINK-30906,20,63.12805236119538
58,15,STARLINK-30906,20,85.52394969648124
58,16,STARLINK-30906,20,123.81758260349564
58,17,STARLINK-31457,23,129.73553321830988
58,18,STARLINK-31457,23,4.461253881805306
58,19,STARLINK-31457,23,57.88881572430827
58,20,STARLINK-5158,22,81.0142686462461
58,21,STARLINK-5158,22,157.41903176730222
58,22,STARLINK-5158,22,221.40569752402388
59,12,STARLINK-32190,14,31.85387503966577
59,13,STARLINK-32190,14,53.664549029329415
59,14,STARLINK-32190,14,65.14184266659989
59,15,STARLINK-34345,19,1.2758690277923386
59,16,STARLINK-34345,19,0.573368805644445
59,17,STARLINK-34345,19,0.9877773279293789
59,18,STARLINK-34345,19,2.581276226247045
59,19,STARLINK-31996,7,29.629329441998593
59,20,STARLINK-31996,7,32.79119013115327
59,21,STARLINK-31996,7,76.99429964205595
59,22,STARLINK-31996,7,33.3334818852797
59,23,STARLINK-34723,24,0.009524619812125124
59,24,STARLINK-34723,24,0.009156915421000512
86,13,STARLINK-31744,10,67.01797481710209
86,14,STARLINK-31744,10,23.062084201918147
86,15,STARLINK-34345,1,10.24597561956304
86,16,STARLINK-34345,1,2.661852343859256
86,17,STARLINK-34345,1,1.7727634947323445
86,18,STARLINK-34345,1,1.1935655001311984
86,19,STARLINK-31996,9,23.98147709321179
86,20,STARLINK-31996,9,38.803079867041156
86,21,STARLINK-31996,9,78.65879684883252
86,22,STARLINK-31996,9,128.088187080214
86,23,STARLINK-31996,9,69.2280273954385
86,24,STARLINK-34631,10,0.029349689037118
86,25,STARLINK-34631,10,0.010124400804109828
85,13,STARLINK-31744,21,67.12621238511012
85,14,STARLINK-31744,21,39.22161961655553
85,15,STARLINK-34345,21,5.5234277595574115
85,16,STARLINK-34345,21,12.316495803230172
85,17,STARLINK-34345,21,11.609586768121973
85,18,STARLINK-34345,21,12.295697188039508
85,19,STARLINK-31996,20,147.93712430013358
85,20,STARLINK-31996,20,211.0429110742932
85,21,STARLINK-31996,20,254.57692080655718
85,22,STARLINK-31996,20,82.32041900338338
85,23,STARLINK-34723,20,0.01647874943908247
85,24,STARLINK-34723,20,0.004642035421241098
84,13,STARLINK-31744,14,67.12349056191458
84,14,STARLINK-31744,14,23.0621519293234
84,15,STARLINK-31457,14,40.0866001355326
84,16,STARLINK-31457,14,83.65328330735726
84,17,STARLINK-31457,14,22.50911340360948
84,18,STARLINK-30069,24,45.69901864283
84,19,STARLINK-30069,24,9.399174571625457
84,20,STARLINK-30069,24,24.563847694006128
84,21,STARLINK-5311,12,34.37214928286932
84,22,STARLINK-5311,12,30.52086382586881
84,23,STARLINK-5311,12,37.9887283839376
84,24,STARLINK-5311,19,257.0780304167453
84,25,STARLINK-5311,19,133.93988138196798
83,13,STARLINK-31744,11,78.45245694536912
83,14,STARLINK-31744,11,23.78313004508014
83,15,STARLINK-34345,12,1.6958026313078562
83,16,STARLINK-34345,12,2.2983295340343313
83,17,STARLINK-34345,12,1.4563083127762475
83,18,STARLINK-34345,12,1.0759932586641474
83,19,STARLINK-5158,14,25.247839586760765
83,20,STARLINK-5158,14,80.1868949740539
83,21,STARLINK-5158,14,95.90663501742577
83,22,STARLINK-5158,14,221.40569752402388
83,23,STARLINK-34723,1,0.007653801614426631
83,24,STARLINK-34723,1,0.0033471928351961897
82,13,STARLINK-31744,12,67.01779370589564
82,14,STARLINK-31744,12,23.06215716724921
82,15,STARLINK-31457,8,40.0866001355326
82,16,STARLINK-31457,8,83.64904517787957
82,17,STARLINK-31457,8,37.502289833544644
82,18,STARLINK-5158,20,115.93295166784276
82,19,STARLINK-5158,20,73.37205194032126
82,20,STARLINK-5158,20,68.89795410426574
82,21,STARLINK-31996,1,254.5697946829596
82,22,STARLINK-31996,1,205.78650045236643
82,23,STARLINK-31996,1,58.1499828278929
82,24,STARLINK-5311,22,256.46322807436485
89,13,STARLINK-31744,17,67.01797481710209
89,14,STARLINK-31744,17,16.95351391402807
89,15,STARLINK-31457,13,45.581854098102376
89,16,STARLINK-31457,13,83.6510406366012
89,17,STARLINK-31457,13,37.50592959236674
89,18,STARLINK-5158,9,104.09671885225973
89,19,STARLINK-5158,9,23.958988334233467
89,20,STARLINK-5158,9,28.290708590103584
89,21,STARLINK-5311,12,34.37214928286932
89,22,STARLINK-5311,12,30.52086382586881
89,23,STARLINK-5311,12,37.9887283839376
89,24,STARLINK-30603,2,190.98482812310417
81,13,STARLINK-31744,5,46.71583416770314
81,14,STARLINK-31744,5,23.062152679354977
81,15,STARLINK-34345,15,1.6957872277818145
81,16,STARLINK-34345,15,1.184158329129444
81,17,STARLINK-34345,15,1.327489556735137
81,18,STARLINK-34345,15,1.4795963036387763
81,19,STARLINK-5078,24,34.83710818658548
81,20,STARLINK-5078,24,18.22227563666341
81,21,STARLINK-5078,24,29.264777793798807
81,22,STARLINK-5078,24,24.31052196072938
81,23,STARLINK-5078,24,50.96008360234054
81,24,STARLINK-34631,17,0.003051273058956633
81,25,STARLINK-34631,17,0.002642579485977809
87,13,STARLINK-31744,15,46.71583416770314
87,14,STARLINK-31744,15,23.06215716724921
87,15,STARLINK-34345,16,1.200791821185911
87,16,STARLINK-34345,16,0.5609557424099083
87,17,STARLINK-34345,16,0.5337229110313242
87,18,STARLINK-34345,16,0.6277742595876548
87,19,STARLINK-3752,16,63.2404198912557
87,20,STARLINK-3752,16,51.985772782172916
87,21,STARLINK-3752,16,25.708225146746724
87,22,STARLINK-3752,16,83.87114977674366
87,23,STARLINK-33914,2,69.46852251923181
87,24,STARLINK-33914,2,32.50525686897244
87,25,STARLINK-33914,2,172.47728564768892
88,13,STARLINK-31744,23,171.21336583456807
88,14,STARLINK-31744,23,41.36627529462165
88,15,STARLINK-31457,0,40.08441104931201
88,16,STARLINK-31457,0,50.25970156904984
88,17,STARLINK-31457,0,20.758159747205553
88,18,STARLINK-31457,0,10.959949092706324
88,19,STARLINK-31457,0,13.926893140562688
88,20,STARLINK-5158,0,23.053591739380213
88,21,STARLINK-5158,0,24.6641626904444
88,22,STARLINK-5158,0,40.757431623630204
88,23,STARLINK-5158,0,20.997577353107374
88,24,STARLINK-30603,10,261.25616887368557
88,25,STARLINK-30603,10,155.02167951641493
80,13,STARLINK-31744,1,78.29950830098454
80,14,STARLINK-31744,1,123.64257318823498
80,15,STARLINK-31457,7,31.330063072725814
80,16,STARLINK-31457,7,34.17587376235571
80,17,STARLINK-31457,7,25.78694952712947
80,18,STARLINK-5158,5,161.0756643044247
80,19,STARLINK-5158,5,13.271249143224635
80,20,STARLINK-5158,5,32.17718027008553
80,21,STARLINK-31996,5,68.5217771167997
80,22,STARLINK-31996,5,47.50632541814363
80,23,STARLINK-31996,5,22.390503392485478
80,24,STARLINK-30603,14,260.67709074803565
80,25,STARLINK-30603,14,154.81037832043626
208,14,STARLINK-34723,17,0.0026167879070955868
208,15,STARLINK-34723,17,0.004271020674898781
208,16,STARLINK-31457,10,64.2063354291988
208,17,STARLINK-31457,10,25.78635643268873
208,18,STARLINK-31457,10,25.03785186052013
208,19,STARLINK-31457,10,42.62669711576677
208,20,STARLINK-5078,10,53.03731383319636
208,21,STARLINK-5078,10,44.235891164332415
208,22,STARLINK-5078,10,31.0914614476636
208,23,STARLINK-5078,10,69.07208846463406
208,24,STARLINK-34235,13,0.018113809459866653
200,14,STARLINK-34624,1,0.001229757230283669
200,15,STARLINK-34345,17,0.9737964076454968
200,16,STARLINK-34345,17,0.6219256134293994
200,17,STARLINK-34345,17,1.4789909141480766
200,18,STARLINK-34345,17,0.6314239672438364
200,19,STARLINK-5158,6,18.208182939816105
200,20,STARLINK-5158,6,28.693724524017384
200,21,STARLINK-5158,6,42.337218997341786
200,22,STARLINK-5158,6,112.88315235266217
200,23,STARLINK-33914,1,51.11691722623046
200,24,STARLINK-33914,1,55.82707305207927
200,25,STARLINK-33914,1,85.09205788230126
201,14,STARLINK-31744,19,16.95351391402807
201,15,STARLINK-34345,13,1.3344662524385675
201,16,STARLINK-34345,13,1.1190852605661428
201,17,STARLINK-34345,13,1.4790301562274049
201,18,STARLINK-30530,18,207.72981035670438
201,19,STARLINK-30530,18,213.57964346773252
201,20,STARLINK-30530,18,187.2826297165235
201,21,STARLINK-5311,18,180.20242369890718
201,22,STARLINK-5311,18,102.62113166708362
201,23,STARLINK-5311,18,135.66734100404173
201,24,STARLINK-5311,0,96.98682231142976
202,14,STARLINK-34723,19,0.0026167879070955868
202,15,STARLINK-34345,24,1.6956938164816613
202,16,STARLINK-34345,24,1.6119518143467226
202,17,STARLINK-34345,24,0.8857778069447477
202,18,STARLINK-30069,22,111.6497578010829
202,19,STARLINK-30069,22,35.736606198887905
202,20,STARLINK-30069,22,58.643827964695596
202,21,STARLINK-5311,8,40.04679533421295
202,22,STARLINK-5311,8,24.912720848872894
202,23,STARLINK-5311,8,55.07120322613732
202,24,STARLINK-33832,19,181.74903413513982
203,14,STARLINK-34624,16,0.00033879640119301445
203,15,STARLINK-34345,7,0.97383229260291
203,16,STARLINK-34345,7,0.5576720877357043
203,17,STARLINK-34345,7,1.0692804645074645
203,18,STARLINK-34345,7,0.4518865458073549
203,19,STARLINK-5158,24,9.440508647652972
203,20,STARLINK-5158,24,17.19450912915501
203,21,STARLINK-5158,24,16.52341303206608
203,22,STARLINK-5158,24,54.24715415037145
203,23,STARLINK-34723,4,0.012868661827576594
203,24,STARLINK-34723,4,0.018651687430534875
204,14,STARLINK-34723,11,0.003567009491633531
204,15,STARLINK-34345,3,2.6655969543777136
204,16,STARLINK-34345,3,0.9174120048905027
204,17,STARLINK-34345,3,1.3005372232354797
204,18,STARLINK-30530,17,25.29448904522019
204,19,STARLINK-30530,17,28.268863302786116
204,20,STARLINK-30530,17,26.242293091524704
204,21,STARLINK-5078,23,68.26279042955542
204,22,STARLINK-5078,23,14.728732565683655
204,23,STARLINK-5078,23,18.355789080987126
204,24,STARLINK-33846,21,44.882871952939844
205,14,STARLINK-34723,10,0.0034693230427034235
205,15,STARLINK-34723,10,0.00527157282579504
205,16,STARLINK-5950,15,22.786434476361293
205,17,STARLINK-5950,15,33.94789199414294
205,18,STARLINK-5950,15,25.799939657156276
205,19,STARLINK-5950,15,44.08269500098116
205,20,STARLINK-5078,22,35.09782580871345
205,21,STARLINK-5078,22,54.53045201672178
205,22,STARLINK-5078,22,64.97228739101789
205,23,STARLINK-5078,22,75.6322384132257
205,24,STARLINK-34631,18,0.0031645589091378176
205,25,STARLINK-34631,18,0.0031723667234492543
206,14,STARLINK-34723,21,0.005518616059088639
206,15,STARLINK-34345,0,1.2007372608362363
206,16,STARLINK-34345,0,0.7674745001832964
206,17,STARLINK-34345,0,0.8797942613003304
206,18,STARLINK-30069,17,24.086282266349972
206,19,STARLINK-30069,17,9.731428646610977
206,20,STARLINK-30069,17,26.586600719997723
206,21,STARLINK-5311,7,23.603292230796306
206,22,STARLINK-5311,7,8.094042234469692
206,23,STARLINK-5311,7,24.628703129640265
206,24,STARLINK-30552,6,40.87617934598481
206,25,STARLINK-30552,6,117.6721848809707
206,26,STARLINK-30552,6,213.0796412321021
207,14,STARLINK-34723,22,0.007751969016491225
207,15,STARLINK-34345,9,1.6173788146549894
207,16,STARLINK-34345,9,0.79742345168906
207,17,STARLINK-34345,9,2.1301612831906174
207,18,STARLINK-30530,1,43.83942617630268
207,19,STARLINK-30530,1,213.57486541611823
207,20,STARLINK-30530,1,187.2826297165235
207,21,STARLINK-11520 [DTC],9,7.098965444967493
207,22,STARLINK-11520 [DTC],9,32.579200965031184
207,23,STARLINK-11520 [DTC],9,29.37471028480152
207,24,STARLINK-33914,16,114.72338467164658
207,25,STARLINK-33914,16,306.34752307940937
269,14,STARLINK-34723,19,0.0026167879070955868
269,15,STARLINK-34723,19,0.005541399451344842
269,16,STARLINK-6116,13,43.35434899609967
269,17,STARLINK-6116,13,37.78348117628215
269,18,STARLINK-6116,13,75.94426535089549
269,19,STARLINK-6116,13,17.753049259660624
269,20,STARLINK-6116,13,61.95491465518602
269,21,STARLINK-3752,21,51.40938620430369
269,22,STARLINK-3752,21,83.87114977674366
269,23,STARLINK-3752,21,41.18464462242883
269,24,STARLINK-3752,21,8.092901237997381
269,25,STARLINK-34736,19,0.011359640826974418
269,26,STARLINK-34736,19,0.0158587476001563
268,14,STARLINK-31744,7,16.95351391402807
268,15,STARLINK-31457,15,39.59128712705107
268,16,STARLINK-31457,15,42.35425128978271
268,17,STARLINK-31457,15,19.427274482740437
268,18,STARLINK-30530,13,100.23269339013648
268,19,STARLINK-30530,13,33.78844592006988
268,20,STARLINK-30530,13,40.71006933279752
268,21,STARLINK-31996,8,114.42640964424035
268,22,STARLINK-31996,8,128.08882502260266
268,23,STARLINK-31996,8,69.23519646247874
268,24,STARLINK-30603,16,108.77453724599732
268,25,STARLINK-30603,16,20.90956566217756
209,14,STARLINK-31744,17,16.953099871094135
209,15,STARLINK-31457,4,58.17794806586189
209,16,STARLINK-31457,4,32.98466273112508
209,17,STARLINK-31457,4,24.134498398623048
209,18,STARLINK-30069,12,78.033742285967
209,19,STARLINK-30069,12,9.168854216121998
209,20,STARLINK-30069,12,27.140295367122583
209,21,STARLINK-5078,9,21.715049454272748
209,22,STARLINK-5078,9,11.536821738588273
209,23,STARLINK-5078,9,25.20818738135968
209,24,STARLINK-30552,20,85.11710897499623
209,25,STARLINK-30552,20,111.25746348195187
209,26,STARLINK-30552,20,89.71104823526794
267,14,STARLINK-34624,6,0.0004137315767274896
267,15,STARLINK-34345,2,2.6653280969851076
267,16,STARLINK-34345,2,0.7841333116015772
267,17,STARLINK-34345,2,0.9802967264031683
267,18,STARLINK-34345,2,0.7156461804473794
267,19,STARLINK-31996,16,11.890147748123153
267,20,STARLINK-31996,16,31.12584710370924
267,21,STARLINK-31996,16,156.31269483088445
267,22,STARLINK-31996,16,140.9884858906611
267,23,STARLINK-32199,10,31.936315558674277
267,24,STARLINK-32199,10,31.439495176876612
267,25,STARLINK-32199,10,57.73176715070063
267,26,STARLINK-32199,10,174.6071710605798
266,14,STARLINK-31744,9,24.285762228744467
266,15,STARLINK-31457,11,34.57083979276665
266,16,STARLINK-31457,11,38.86524144740487
266,17,STARLINK-31457,11,37.50608235739478
266,18,STARLINK-5158,10,200.7142186808457
266,19,STARLINK-5158,10,18.286087020444064
266,20,STARLINK-5158,10,39.26571227944433
266,21,STARLINK-5311,14,63.213072770484416
266,22,STARLINK-5311,14,22.042995214644368
266,23,STARLINK-5311,14,45.550318998722595
266,24,STARLINK-33846,8,46.25521196468482
266,25,STARLINK-33846,8,173.47421393673608
266,26,STARLINK-33846,8,154.8310132557815
265,14,STARLINK-34624,18,0.0007570282248520147
265,15,STARLINK-34345,8,1.200791821185911
265,16,STARLINK-34345,8,1.119078622346515
265,17,STARLINK-34345,8,1.478909457487057
265,18,STARLINK-34345,8,7.076326412607377
265,19,STARLINK-5158,4,13.485814410940028
265,20,STARLINK-5158,4,25.49959736345886
265,21,STARLINK-5158,4,33.19750951126907
265,22,STARLINK-5158,4,128.56744074847734
265,23,STARLINK-34723,7,0.004417620091167797
265,24,STARLINK-34723,7,0.0015179804521364539
264,14,STARLINK-34624,2,0.00043807939283061625
264,15,STARLINK-34345,6,1.6958026313078562
264,16,STARLINK-34345,6,1.1841734768147456
264,17,STARLINK-34345,6,1.052389411505625
264,18,STARLINK-34345,6,0.4881566910508353
264,19,STARLINK-31996,3,27.7813982951094
264,20,STARLINK-31996,3,47.92835891301326
264,21,STARLINK-31996,3,108.695465210689
264,22,STARLINK-31996,3,63.03855283939932
264,23,STARLINK-33914,0,10.386278240514871
264,24,STARLINK-33914,0,24.65179937581488
263,14,STARLINK-34723,13,0.007449661356402241
263,15,STARLINK-34723,13,0.005794426288071764
263,16,STARLINK-31457,19,26.87719324619118
263,17,STARLINK-31457,19,19.427591156431497
263,18,STARLINK-31457,19,16.43427296885368
263,19,STARLINK-31457,19,32.63617082740842
263,20,STARLINK-3752,13,42.675164113829716
263,21,STARLINK-3752,13,9.572845964662614
263,22,STARLINK-3752,13,36.859837576305615
263,23,STARLINK-3752,13,41.73667145528921
263,24,STARLINK-3752,13,81.762609959481
263,25,STARLINK-34725,16,0.0012336604755879502
263,26,STARLINK-34725,16,0.0226717913049637
262,14,STARLINK-31744,8,23.062159137093694
262,15,STARLINK-34345,18,5.5234277595574115
262,16,STARLINK-34345,18,12.319392028143469
262,17,STARLINK-34345,18,3.5327901124107473
262,18,STARLINK-30530,12,197.54070537425164
262,19,STARLINK-30530,12,26.358543059914037
262,20,STARLINK-30530,12,26.933041632520638
262,21,STARLINK-5078,15,96.27349915111736
262,22,STARLINK-5078,15,120.42945346093329
262,23,STARLINK-5078,15,160.0259256638639
262,24,STARLINK-30603,15,261.25711854142634
261,14,STARLINK-34624,4,0.00043807939283061625
261,15,STARLINK-34345,14,1.200791821185911
261,16,STARLINK-34345,14,1.1191170476692127
261,17,STARLINK-34345,14,0.9467451282401937
261,18,STARLINK-34345,14,0.4384504224259503
261,19,STARLINK-5158,9,14.645286834234764
261,20,STARLINK-5158,9,23.117849513021273
261,21,STARLINK-5158,9,14.474521202392209
261,22,STARLINK-5158,9,41.25105153999156
261,23,STARLINK-34723,5,0.004488551726465433
261,24,STARLINK-34723,5,0.0012252611793847638
260,14,STARLINK-34723,18,0.007751918172045574
260,15,STARLINK-34723,18,0.02355243799210961
260,16,STARLINK-5950,22,20.495206216981984
260,17,STARLINK-5950,22,45.20198460055418
260,18,STARLINK-5950,22,23.911930180306634
260,19,STARLINK-5950,22,15.175573554902726
260,20,STARLINK-5158,15,31.007614938950976
260,21,STARLINK-5158,15,37.90802311788392
260,22,STARLINK-5158,15,128.56756339830469
260,23,STARLINK-5158,15,74.49956708206678
260,24,STARLINK-34631,22,0.0031624615216376624
260,25,STARLINK-34631,22,0.0031698149750167782
136,15,STARLINK-34345,11,1.0598955851283995
136,16,STARLINK-6116,11,26.241972425169855
136,17,STARLINK-6116,11,38.19842290110249
136,18,STARLINK-6116,11,79.40874590282328
136,19,STARLINK-3752,22,46.3779072573248
136,20,STARLINK-3752,22,31.762986112700506
136,21,STARLINK-3752,22,5.613128673259601
136,22,STARLINK-32199,5,40.79965111628035
136,23,STARLINK-32199,5,19.60911557076673
136,24,STARLINK-32199,5,20.83763801940578
136,25,STARLINK-30552,16,33.02292699057867
136,26,STARLINK-30552,16,213.05401595205274
139,15,STARLINK-34684,0,0.0007384475263692576
139,16,STARLINK-31457,22,59.463421215484935
139,17,STARLINK-31457,22,30.634104180670807
139,18,STARLINK-31457,22,7.860845885108615
139,19,STARLINK-31457,22,10.81761416613368
139,20,STARLINK-3752,10,34.40231688782504
139,21,STARLINK-3752,10,3.9228499611546197
139,22,STARLINK-3752,10,6.895087013376903
139,23,STARLINK-3752,10,15.160626304917843
139,24,STARLINK-34631,14,0.0031625465063678734
139,25,STARLINK-34631,14,0.0031698149750167782
138,15,STARLINK-34345,23,1.6173788146549894
138,16,STARLINK-34345,23,0.79742345168906
138,17,STARLINK-34345,23,3.5660718558570026
138,18,STARLINK-30069,14,21.119155331215545
138,19,STARLINK-30069,14,14.44403604456489
138,20,STARLINK-30069,14,38.762932207153646
138,21,STARLINK-30069,14,25.983875845583096
138,22,STARLINK-30552,0,6.062874320677136
138,23,STARLINK-30552,0,14.291700628964474
138,24,STARLINK-30552,0,25.119010526042896
138,25,STARLINK-30552,0,30.753614863026844
138,26,STARLINK-31483,15,278.9239458812572
138,27,STARLINK-31483,15,182.50291653025465
137,15,STARLINK-34345,20,2.6652900447541383
137,16,STARLINK-34345,20,0.9174120048905027
137,17,STARLINK-34345,20,1.7727684265238
137,18,STARLINK-30069,3,18.26863447202705
137,19,STARLINK-30069,3,18.955267777071473
137,20,STARLINK-30069,3,33.51219839585128
137,21,STARLINK-30069,3,18.146175733850317
137,22,STARLINK-32199,5,40.79965111628035
137,23,STARLINK-32199,5,19.60911557076673
137,24,STARLINK-32199,5,20.83763801940578
137,25,STARLINK-32199,5,17.718508624279053
137,26,STARLINK-32199,5,75.60123069890474
137,27,STARLINK-34690,9,0.0141858387828684
135,15,STARLINK-34345,4,1.6173769415882777
135,16,STARLINK-31771,24,44.571225774010514
135,17,STARLINK-31771,24,40.61259035384715
135,18,STARLINK-31771,24,27.13164222831755
135,19,STARLINK-31010,22,20.824335335554146
135,20,STARLINK-31010,22,16.340551671179675
135,21,STARLINK-31010,22,30.93505579609348
135,22,STARLINK-32199,12,67.40291687974235
135,23,STARLINK-32199,12,36.310046469801314
135,24,STARLINK-32199,12,104.77642611092067
135,25,STARLINK-33846,17,157.42339077911478
135,26,STARLINK-33846,17,154.86102792362453
135,27,STARLINK-33846,17,234.15819446454285
132,15,STARLINK-34684,2,0.0016288189387495668
132,16,STARLINK-6116,7,23.6813122949631
132,17,STARLINK-6116,7,28.537367453713124
132,18,STARLINK-6116,7,6.8523261556286315
132,19,STARLINK-6116,7,16.926572518680892
132,20,STARLINK-6116,7,17.798334090388533
132,21,STARLINK-3752,15,6.0608000752538755
132,22,STARLINK-3752,15,13.441439878709215
132,23,STARLINK-3752,15,23.748061739417235
132,24,STARLINK-3752,15,11.74918656754606
132,25,STARLINK-34578,10,0.0031016822313819498
133,15,STARLINK-34345,10,1.2007350312143497
133,16,STARLINK-34345,10,0.9269184982281999
133,17,STARLINK-6116,24,17.484661338098984
133,18,STARLINK-6116,24,4.255792409644731
133,19,STARLINK-6116,24,6.197355386686759
133,20,STARLINK-6116,24,11.915423409969659
133,21,STARLINK-3752,7,3.1383633372291073
133,22,STARLINK-3752,7,5.684435568667199
133,23,STARLINK-3752,7,16.084796969553487
133,24,STARLINK-3752,7,9.29806772553178
133,25,STARLINK-34736,22,0.010196000194637915
133,26,STARLINK-34736,22,0.030434534321287274
131,15,STARLINK-32190,8,12.115426389037923
131,16,STARLINK-31771,21,172.0411974376532
131,17,STARLINK-31771,21,212.0406970465339
131,18,STARLINK-31771,21,263.6873059325992
131,19,STARLINK-3752,20,105.16703815651806
131,20,STARLINK-3752,20,49.931455183208946
131,21,STARLINK-3752,20,5.278576178993799
131,22,STARLINK-30334,22,93.83865830251331
131,23,STARLINK-30334,22,110.28885974591451
131,24,STARLINK-30334,22,39.79719534324066
131,25,STARLINK-33846,12,165.5395256106931
131,26,STARLINK-33846,12,55.850667002376284
131,27,STARLINK-33846,12,234.15454245884192
130,15,STARLINK-32190,15,12.115344654482954
130,16,STARLINK-6116,15,37.001302098459924
130,17,STARLINK-6116,15,28.536844556952563
130,18,STARLINK-6116,15,6.8523255990774805
130,19,STARLINK-31010,22,20.824335335554146
130,20,STARLINK-31010,22,14.927302660605653
130,21,STARLINK-31010,22,28.13518367707387
130,22,STARLINK-30334,6,57.21916716017733
130,23,STARLINK-30334,6,83.2897773608773
130,24,STARLINK-30334,6,29.29569512286505
130,25,STARLINK-33846,19,183.2067870910258
130,26,STARLINK-33846,19,104.46210219088039
134,15,STARLINK-34345,9,1.6173788146549894
134,16,STARLINK-31771,14,32.73470652119685
134,17,STARLINK-31771,14,42.93518013795218
134,18,STARLINK-31771,14,28.100682517862836
134,19,STARLINK-31010,21,46.42299967785126
134,20,STARLINK-31010,21,50.08925516048479
134,21,STARLINK-31010,21,138.75778566355916
134,22,STARLINK-32199,19,56.481566064112414
134,23,STARLINK-32199,19,31.666332509035637
134,24,STARLINK-32199,19,32.077118260340924
134,25,STARLINK-33846,18,173.4765217134762
134,26,STARLINK-33846,18,58.29435321993897
17,17,STARLINK-1767,1,1.1857969991897042
17,18,STARLINK-30069,0,22.68227482363673
17,19,STARLINK-30069,0,8.843988984668822
17,20,STARLINK-30069,0,17.885879830932243
17,21,STARLINK-30069,0,12.998968078141674
17,22,STARLINK-30334,15,60.53518558246916
17,23,STARLINK-30334,15,99.27288944501458
17,24,STARLINK-30334,15,38.72323466871752
17,25,STARLINK-30334,15,50.2606594108465
17,26,STARLINK-31379,5,71.78750012336258
17,27,STARLINK-31379,5,25.471747339040835
17,28,STARLINK-31379,5,76.54734661379489
15,17,STARLINK-31001,4,19.480641361330747
15,18,STARLINK-31001,4,12.283057783285402
15,19,STARLINK-31001,4,14.868540766545156
15,20,STARLINK-5311,18,51.18612894565351
15,21,STARLINK-5311,18,113.52674213891916
15,22,STARLINK-5311,18,102.62113166708362
15,23,STARLINK-5311,18,50.65485452046822
15,24,STARLINK-5311,18,105.05681900067471
15,25,STARLINK-5311,18,19.130506450256508
15,26,STARLINK-31483,17,150.01443671794715
15,27,STARLINK-31483,17,47.38770649761546
16,17,STARLINK-31771,24,33.965158353255376
16,18,STARLINK-5158,1,89.4031583253548
16,19,STARLINK-5158,1,47.029720222594264
16,20,STARLINK-5158,1,80.1868949740539
16,21,STARLINK-5311,24,18.353428996028022
16,22,STARLINK-5311,24,10.210934547984758
16,23,STARLINK-5311,24,19.696837611039456
16,24,STARLINK-30552,2,31.192791086953473
16,25,STARLINK-30552,2,33.023708265331756
16,26,STARLINK-30552,2,213.0954650332009
16,27,STARLINK-6211,13,188.23248504970363
16,28,STARLINK-6211,13,101.5485337788636
16,29,STARLINK-6211,13,99.69836398241611
14,17,STARLINK-31001,1,24.54190163351553
14,18,STARLINK-31001,1,12.572847996546237
14,19,STARLINK-31001,1,40.24915418469271
14,20,STARLINK-5311,2,18.140581941774588
14,21,STARLINK-5311,2,71.85370181116255
14,22,STARLINK-5311,2,35.146905795453144
14,23,STARLINK-5311,2,27.057583179868278
14,24,STARLINK-5311,2,42.65972398761714
14,25,STARLINK-5311,2,10.616086951638753
14,26,STARLINK-31379,15,29.78518876051932
14,27,STARLINK-31379,15,37.70259395508927
78,17,STARLINK-1767,18,3.1310341098153627
78,18,STARLINK-30069,16,29.144517993274828
78,19,STARLINK-30069,16,9.061427881877876
78,20,STARLINK-30069,16,24.29960921604294
78,21,STARLINK-30069,16,21.718543290031683
78,22,STARLINK-32199,15,23.772965495678072
78,23,STARLINK-32199,15,10.569414202339672
78,24,STARLINK-32199,15,21.254581011443285
78,25,STARLINK-32199,15,40.464469766938734
78,26,STARLINK-32199,15,25.19502541941917
78,27,STARLINK-6211,21,49.85503037037793
78,28,STARLINK-6211,21,18.330165524700384
78,29,STARLINK-6211,21,37.16071256165366
12,17,STARLINK-31771,19,38.608696656665536
12,18,STARLINK-30530,19,71.71309763874052
12,19,STARLINK-30530,19,45.46636322438123
12,20,STARLINK-30530,19,33.88857149995093
12,21,STARLINK-11520 [DTC],5,8.96453761748336
12,22,STARLINK-11520 [DTC],5,45.70093315151132
12,23,STARLINK-11520 [DTC],5,24.90287475358747
12,24,STARLINK-33832,0,18.208681159537868
12,25,STARLINK-33832,0,8.578025185436816
12,26,STARLINK-33832,0,15.634074073387978
12,27,STARLINK-6211,17,35.34795723143432
12,28,STARLINK-6211,17,26.96044682666269
12,29,STARLINK-6211,17,99.69836398241611
11,17,STARLINK-31001,11,20.4720174826771
11,18,STARLINK-31001,11,85.32999072376161
11,19,STARLINK-31001,11,58.97233653962294
11,20,STARLINK-5078,21,40.5097546746393
11,21,STARLINK-5078,21,68.87155386385523
11,22,STARLINK-5078,21,73.41938406805404
11,23,STARLINK-5078,21,48.074766171694385
11,24,STARLINK-33832,7,29.166899231822445
11,25,STARLINK-33832,7,32.808617410933266
11,26,STARLINK-33832,7,21.281626940436457
11,27,STARLINK-33832,7,257.5668612513521
11,28,STARLINK-32191,20,193.72378122384774
11,29,STARLINK-32191,20,76.80656861140253
10,17,STARLINK-31001,4,19.480641361330747
10,18,STARLINK-30530,24,16.091810565798472
10,19,STARLINK-30530,24,15.37419033806786
10,20,STARLINK-30530,24,11.315391427336742
10,21,STARLINK-11520 [DTC],0,6.477939275420921
10,22,STARLINK-11520 [DTC],0,20.53699872756387
10,23,STARLINK-11520 [DTC],0,10.235903109195823
10,24,STARLINK-32199,0,12.543758203769618
10,25,STARLINK-32199,0,10.51778230635821
10,26,STARLINK-32199,0,45.856761463561504
10,27,STARLINK-31483,11,182.50091919091096
10,28,STARLINK-31483,11,193.79109189608505
18,17,STARLINK-1767,13,0.7967932923766079
18,18,STARLINK-1767,13,0.3012197261894502
18,19,STARLINK-31996,4,9.912418329889876
18,20,STARLINK-31996,4,21.403969920525995
18,21,STARLINK-31996,4,60.76136714508831
18,22,STARLINK-31996,4,52.21881276856326
18,23,STARLINK-32199,13,36.31849703136683
18,24,STARLINK-32199,13,104.96721386784003
18,25,STARLINK-32199,13,144.15451121808655
18,26,STARLINK-32199,13,174.60472598108788
18,27,STARLINK-34690,17,0.0009108524625109777
79,17,STARLINK-5950,24,28.074266190178136
79,18,STARLINK-5950,24,7.820099812220728
79,19,STARLINK-5950,24,8.001388228457673
79,20,STARLINK-5950,24,5.071396798476095
79,21,STARLINK-3752,9,2.9323507548110253
79,22,STARLINK-3752,9,8.775150430902006
79,23,STARLINK-3752,9,16.07182924460668
79,24,STARLINK-3752,9,12.15602600404606
79,25,STARLINK-30545,13,74.11564303462
79,26,STARLINK-30545,13,45.885559761858545
79,27,STARLINK-30545,13,21.28720915086232
70,17,STARLINK-5950,9,51.10288838755855
70,18,STARLINK-5950,9,18.414674029631552
70,19,STARLINK-5950,9,8.307786385666013
70,20,STARLINK-5950,9,6.5551320050691375
70,21,STARLINK-3752,3,4.106065502115587
70,22,STARLINK-3752,3,10.036383939778405
70,23,STARLINK-3752,3,24.739513332383712
70,24,STARLINK-3752,3,81.4275108915524
70,25,STARLINK-30545,8,22.84312248618458
70,26,STARLINK-30545,8,52.7389327016973
70,27,STARLINK-30545,8,14.723572629740938
13,17,STARLINK-31001,12,36.40219373918398
13,18,STARLINK-5950,1,6.41038795510794
13,19,STARLINK-5950,1,19.687135814367746
13,20,STARLINK-5950,1,17.845464977858516
13,21,STARLINK-11520 [DTC],2,16.16936260729344
13,22,STARLINK-11520 [DTC],2,67.07638002641865
13,23,STARLINK-11520 [DTC],2,26.469170791040877
13,24,STARLINK-33846,15,26.244228605542474
13,25,STARLINK-33846,15,97.4605780490167
13,26,STARLINK-33846,15,16.787458821219836
13,27,STARLINK-31483,21,32.88063335867184
13,28,STARLINK-31483,21,43.20000853545243
71,17,STARLINK-31771,7,38.60873552420074
71,18,STARLINK-5950,21,21.265687737935174
71,19,STARLINK-5950,21,10.52278043722605
71,20,STARLINK-5950,21,11.910749066439106
71,21,STARLINK-11520 [DTC],4,6.933232303801931
71,22,STARLINK-11520 [DTC],4,31.728698969588223
71,23,STARLINK-11520 [DTC],4,27.4404572967008
71,24,STARLINK-30552,12,43.320781788526745
71,25,STARLINK-30552,12,37.7131125058469
71,26,STARLINK-30552,12,62.89500861339347
71,27,STARLINK-6211,12,49.854836428180946
71,28,STARLINK-6211,12,101.5485337788636
71,29,STARLINK-6211,12,99.69836398241611
72,17,STARLINK-31771,0,40.383191100635315
72,18,STARLINK-30069,13,60.054985552865794
72,19,STARLINK-30069,13,7.7544706622128485
72,20,STARLINK-30069,13,26.81782193873204
72,21,STARLINK-5078,0,20.019183499294563
72,22,STARLINK-5078,0,6.833838513292543
72,23,STARLINK-5078,0,9.579837285051124
72,24,STARLINK-30552,22,30.37211080236181
72,25,STARLINK-30552,22,84.02237829419947
72,26,STARLINK-30552,22,213.07310880436685
72,27,STARLINK-31483,11,182.50091919091096
72,28,STARLINK-31483,11,193.79109189608505
73,17,STARLINK-6116,10,28.536407626724113
73,18,STARLINK-5950,11,29.315098612073776
73,19,STARLINK-5950,11,26.00649271777882
73,20,STARLINK-5950,11,33.7651258942657
73,21,STARLINK-5311,14,47.3824667583332
73,22,STARLINK-5311,14,22.042995214644368
73,23,STARLINK-5311,14,45.550318998722595
73,24,STARLINK-32199,19,32.077118260340924
73,25,STARLINK-32199,19,18.842297948724056
73,26,STARLINK-32199,19,64.31998151952219
73,27,STARLINK-6211,7,42.17280890980344
73,28,STARLINK-6211,7,101.5485337788636
73,29,STARLINK-6211,7,99.69836398241611
74,17,STARLINK-31771,24,47.4116177708763
74,18,STARLINK-30530,19,32.22505520212515
74,19,STARLINK-30530,19,45.46636322438123
74,20,STARLINK-30530,19,33.88857149995093
74,21,STARLINK-11520 [DTC],8,26.343994551789816
74,22,STARLINK-11520 [DTC],8,117.51684928305934
74,23,STARLINK-11520 [DTC],8,41.94170251427821
74,24,STARLINK-30552,12,43.320781788526745
74,25,STARLINK-30552,12,37.7131125058469
74,26,STARLINK-30552,12,62.89500861339347
74,27,STARLINK-31483,6,99.59839771024882
74,28,STARLINK-31483,6,193.79109189608505
19,17,STARLINK-31001,18,55.707272751465695
19,18,STARLINK-31001,18,57.520332769956184
19,19,STARLINK-31001,18,56.18905917305258
19,20,STARLINK-5311,18,51.18612894565351
19,21,STARLINK-5311,18,113.52674213891916
19,22,STARLINK-5311,18,102.62113166708362
19,23,STARLINK-5311,18,50.65485452046822
19,24,STARLINK-30552,5,29.200309126759915
19,25,STARLINK-30552,5,36.97777211405027
19,26,STARLINK-30552,5,64.5156981939911
19,27,STARLINK-30552,5,20.242569344782062
19,28,STARLINK-31380,7,89.89628828201612
19,29,STARLINK-31380,7,41.01982620373286
76,17,STARLINK-31001,19,11.939454248308246
76,18,STARLINK-31001,19,26.202605890613135
76,19,STARLINK-31001,19,35.42590739128286
76,20,STARLINK-5311,2,18.140581941774588
76,21,STARLINK-5311,2,59.5069254125833
76,22,STARLINK-5311,2,18.325660663694485
76,23,STARLINK-5311,2,20.97179334442322
76,24,STARLINK-33832,7,29.166899231822445
76,25,STARLINK-33832,7,32.808617410933266
76,26,STARLINK-33832,7,21.281626940436457
76,27,STARLINK-33832,7,111.50010620277091
77,17,STARLINK-31001,7,11.939463863404239
77,18,STARLINK-31001,7,10.898334786048595
77,19,STARLINK-31001,7,16.133412061122446
77,20,STARLINK-30334,21,16.05712500317332
77,21,STARLINK-30334,21,15.34720900836352
77,22,STARLINK-30334,21,115.27576834079771
77,23,STARLINK-30334,21,103.45680308218836
77,24,STARLINK-30334,21,28.39378256788531
77,25,STARLINK-30334,21,15.072144173858389
77,26,STARLINK-31483,13,106.26610958228336
77,27,STARLINK-31483,13,56.28078854946746
75,17,STARLINK-31001,0,12.374253443729444
75,18,STARLINK-5158,11,122.83638877028174
75,19,STARLINK-5158,11,26.320673332754794
75,20,STARLINK-5158,11,65.2244695165057
75,21,STARLINK-5311,16,29.0762624658204
75,22,STARLINK-5311,16,18.701223938542242
75,23,STARLINK-5311,16,21.13999994830162
75,24,STARLINK-30552,8,31.734716502140422
75,25,STARLINK-30552,8,32.36273860391699
75,26,STARLINK-30552,8,73.05514351596763
75,27,STARLINK-31483,21,32.88063335867184
75,28,STARLINK-31483,21,43.20000853545243
241,18,STARLINK-31001,20,14.593198115563634
241,19,STARLINK-3752,4,32.03849191944405
241,20,STARLINK-3752,4,20.879254132505213
241,21,STARLINK-3752,4,3.0499190608830626
241,22,STARLINK-32199,21,34.97730893415932
241,23,STARLINK-32199,21,10.832831019928618
241,24,STARLINK-32199,21,16.603076863645303
241,25,STARLINK-30545,16,13.689394364744366
241,26,STARLINK-30545,16,34.613527315932224
241,27,STARLINK-30545,16,16.069209292145704
241,28,STARLINK-32191,2,193.72378122384774
241,29,STARLINK-32191,2,76.80656861140253
241,30,STARLINK-32191,2,168.815988252336
249,18,STARLINK-34706,23,0.015470249356894618
249,19,STARLINK-34706,23,0.004785021927570268
249,20,STARLINK-5311,20,17.35410653038754
249,21,STARLINK-5311,20,30.27708676355666
249,22,STARLINK-5311,20,8.979689920239023
249,23,STARLINK-5311,20,16.441885562279502
249,24,STARLINK-5311,20,72.69915599184596
249,25,STARLINK-30545,12,22.420383451863277
249,26,STARLINK-30545,12,30.359305923022905
249,27,STARLINK-30545,12,9.770079177258655
249,28,STARLINK-30545,12,35.231581882538656
249,29,STARLINK-34746,7,0.0929683446100166
249,30,STARLINK-34746,7,0.07235767373534914
242,18,STARLINK-31771,15,33.87772754659273
242,19,STARLINK-3752,1,56.353197065627484
242,20,STARLINK-3752,1,48.07246499379473
242,21,STARLINK-3752,1,11.90872216195004
242,22,STARLINK-30334,1,79.07324200846318
242,23,STARLINK-30334,1,95.28772301339306
242,24,STARLINK-30334,1,44.44442874201879
242,25,STARLINK-30545,20,28.210558673023527
242,26,STARLINK-30545,20,23.36618241681278
242,27,STARLINK-30545,20,36.09840521697345
242,28,STARLINK-3749,22,242.77721614857293
243,18,STARLINK-34706,13,0.02174491497936309
243,19,STARLINK-34706,13,0.0023939325511631478
243,20,STARLINK-30334,20,13.854750535581108
243,21,STARLINK-30334,20,9.120647170449471
243,22,STARLINK-30334,20,34.63740518198591
243,23,STARLINK-30334,20,65.08821786838601
243,24,STARLINK-30334,20,24.80792592239956
243,25,STARLINK-30334,20,15.565307667879752
243,26,STARLINK-31483,10,135.99440163566302
243,27,STARLINK-31483,10,88.44885554529124
243,28,STARLINK-31483,10,75.09472712918381
244,18,STARLINK-34706,21,0.024288932586799927
244,19,STARLINK-34706,21,0.002765652411048003
244,20,STARLINK-5311,15,11.793189399401436
244,21,STARLINK-5311,15,30.79819131485715
244,22,STARLINK-5311,15,7.920871436107435
244,23,STARLINK-5311,15,9.087310184427047
244,24,STARLINK-33846,7,34.06409075211656
244,25,STARLINK-33846,7,125.42886547827602
244,26,STARLINK-33846,7,55.855202853963846
244,27,STARLINK-33846,7,95.77268035555646
244,28,STARLINK-34676,0,0.05886123861595976
245,18,STARLINK-34706,6,0.011980922830693384
245,19,STARLINK-34706,6,0.003648241003374454
245,20,STARLINK-5078,14,30.410137318872575
245,21,STARLINK-5078,14,52.180731341864586
245,22,STARLINK-5078,14,27.591319335214052
245,23,STARLINK-5078,14,57.68200497724163
245,24,STARLINK-33832,9,36.4461746104708
245,25,STARLINK-33832,9,53.12258359251905
245,26,STARLINK-33832,9,75.24172402020886
245,27,STARLINK-33832,9,257.55515530893143
245,28,STARLINK-31380,24,89.9041992742626
245,29,STARLINK-31380,24,18.585001298371896
245,30,STARLINK-31380,24,18.308718307555363
240,18,STARLINK-31001,13,27.785245143882893
240,19,STARLINK-31001,13,13.018013353152913
240,20,STARLINK-5078,3,18.439704020838562
240,21,STARLINK-5078,3,27.04648357392009
240,22,STARLINK-5078,3,15.46414785288915
240,23,STARLINK-5078,3,33.102435775373934
240,24,STARLINK-33832,6,21.257425884943135
240,25,STARLINK-33832,6,18.181085368371807
240,26,STARLINK-33832,6,6.240210358482516
240,27,STARLINK-33832,6,93.33535753547883
240,28,STARLINK-32191,5,135.8534821062022
240,29,STARLINK-32191,5,25.38405369076794
246,18,STARLINK-31771,11,34.08139957583128
246,19,STARLINK-31010,12,23.0605769446797
246,20,STARLINK-31010,12,25.762775642078157
246,21,STARLINK-31010,12,46.36265325242075
246,22,STARLINK-30334,1,71.03803434542449
246,23,STARLINK-30334,1,85.19662361423013
246,24,STARLINK-30334,1,40.60507185757493
246,25,STARLINK-30545,20,24.2475208560775
246,26,STARLINK-30545,20,23.36618241681278
246,27,STARLINK-30545,20,36.09840521697345
246,28,STARLINK-3749,5,87.93326816955432
247,18,STARLINK-1767,2,0.31296428649362945
247,19,STARLINK-5158,21,12.110868800723063
247,20,STARLINK-5158,21,26.263514883127435
247,21,STARLINK-5158,21,27.62127995308633
247,22,STARLINK-5158,21,39.20299669633965
247,23,STARLINK-32199,6,9.463905139238054
247,24,STARLINK-32199,6,14.34288647680566
247,25,STARLINK-32199,6,20.477645174476176
247,26,STARLINK-32199,6,21.299303553333374
247,27,STARLINK-31483,16,45.6340463027221
247,28,STARLINK-31483,16,62.14252052769388
248,18,STARLINK-34706,8,0.16870053262854756
248,19,STARLINK-34706,8,0.021414609535076713
248,20,STARLINK-30334,4,7.792818691381913
248,21,STARLINK-30334,4,6.98175971611885
248,22,STARLINK-30334,4,34.91707274800355
248,23,STARLINK-30334,4,71.84539901425745
248,24,STARLINK-30334,4,130.2311086561587
248,25,STARLINK-30334,4,130.20211864131963
248,26,STARLINK-31483,23,212.78255411236594
248,27,STARLINK-31483,23,40.02278274303804
248,28,STARLINK-31483,23,193.79109189608505
192,20,STARLINK-2523,23,25.654471575219734
192,21,STARLINK-2523,23,17.441115907211813
192,22,STARLINK-2523,23,6.056111496912143
192,23,STARLINK-32199,12,24.931556081457177
192,24,STARLINK-32199,12,43.34135325657889
192,25,STARLINK-32199,12,17.38318287286916
192,26,STARLINK-32199,12,53.21622648317876
192,27,STARLINK-30545,24,81.99044524111802
192,28,STARLINK-30545,24,17.510496362491338
192,29,STARLINK-30545,24,40.18521916422555
192,30,STARLINK-30545,24,74.89540132376791
192,31,STARLINK-34706,18,0.05579002258907931
192,32,STARLINK-34706,18,0.23588531149658926
191,20,STARLINK-5803,23,16.839555873341176
191,21,STARLINK-11520 [DTC],21,9.866365373096718
191,22,STARLINK-11520 [DTC],21,22.31176362579947
191,23,STARLINK-11520 [DTC],21,11.109243491400896
191,24,STARLINK-30552,8,31.734716502140422
191,25,STARLINK-30552,8,32.36273860391699
191,26,STARLINK-30552,8,73.05829838295698
191,27,STARLINK-4279,24,88.66157878740141
191,28,STARLINK-4279,24,55.28737340723073
191,29,STARLINK-4279,24,65.95186031922594
191,30,STARLINK-32191,6,348.0667059177735
191,31,STARLINK-32191,6,67.44897934969767
193,20,STARLINK-5078,3,18.439704020838562
193,21,STARLINK-5078,3,27.04648357392009
193,22,STARLINK-5078,3,15.46414785288915
193,23,STARLINK-5078,3,33.102435775373934
193,24,STARLINK-33832,9,36.46407072552882
193,25,STARLINK-33832,9,53.15685276164183
193,26,STARLINK-33832,9,75.24172402020886
193,27,STARLINK-33832,9,257.55515530893143
193,28,STARLINK-32191,2,193.72378122384774
193,29,STARLINK-32191,2,76.80656861140253
193,30,STARLINK-32191,2,168.815988252336
193,31,STARLINK-32191,2,50.61234285033737
194,20,STARLINK-5803,0,8.049334584145106
194,21,STARLINK-5803,0,9.747407517010837
194,22,STARLINK-5803,0,14.280948162069752
194,23,STARLINK-33846,22,13.742379902081742
194,24,STARLINK-33846,22,24.964987412126423
194,25,STARLINK-33846,22,81.11857120580736
194,26,STARLINK-33846,22,42.559268847013755
194,27,STARLINK-6211,20,103.80223125533756
194,28,STARLINK-6211,20,26.974472034791873
194,29,STARLINK-6211,20,61.60556776251606
194,30,STARLINK-6211,20,15.931962429742095
194,31,STARLINK-2643,4,157.21547055056513
195,20,STARLINK-31010,4,11.227557099564743
195,21,STARLINK-11520 [DTC],23,10.0770617561653
195,22,STARLINK-11520 [DTC],23,22.095905801772453
195,23,STARLINK-11520 [DTC],23,14.651568839518267
195,24,STARLINK-32199,24,29.577021770860426
195,25,STARLINK-32199,24,38.22259778116214
195,26,STARLINK-32199,24,85.66120889047664
195,27,STARLINK-4279,14,139.59965044165517
195,28,STARLINK-4279,14,78.70479228203911
195,29,STARLINK-4279,14,178.44168905571647
195,30,STARLINK-32191,22,220.59454957059216
195,31,STARLINK-32191,22,44.657191096676456
196,20,STARLINK-5803,10,11.626145972078035
196,21,STARLINK-5803,10,15.09491824193103
196,22,STARLINK-5803,10,23.772961081348985
196,23,STARLINK-33846,19,70.13738561873583
196,24,STARLINK-33846,19,76.89111678937422
196,25,STARLINK-33846,19,183.2067870910258
196,26,STARLINK-33846,19,104.46210219088039
196,27,STARLINK-33846,19,61.85665830650293
196,28,STARLINK-31380,10,31.318863551118433
196,29,STARLINK-31380,10,11.177872171114437
196,30,STARLINK-31380,10,15.327404706298216
196,31,STARLINK-31380,10,94.38460809215343
196,32,STARLINK-34706,17,0.23667058602211488
197,20,STARLINK-5311,10,10.175866577774716
197,21,STARLINK-5311,10,20.7280942708625
197,22,STARLINK-5311,10,7.0856143318875615
197,23,STARLINK-5311,10,16.94771313180384
197,24,STARLINK-33832,21,18.153164136019164
197,25,STARLINK-33832,21,10.518851008791394
197,26,STARLINK-33832,21,13.573430622108848
197,27,STARLINK-33832,21,61.909975111774145
197,28,STARLINK-2606,3,156.54903287917227
197,29,STARLINK-2606,3,204.17699863761854
197,30,STARLINK-2606,3,82.82900857269335
197,31,STARLINK-2606,3,87.17792583824091
190,20,STARLINK-2523,14,19.783240977929495
190,21,STARLINK-5311,24,19.377906091621394
190,22,STARLINK-5311,24,8.288435570280868
190,23,STARLINK-5311,24,16.94771313180384
190,24,STARLINK-30552,18,66.96486860229328
190,25,STARLINK-30552,18,44.121176554927345
190,26,STARLINK-30552,18,64.51573470943079
190,27,STARLINK-4279,21,12.814302238245983
190,28,STARLINK-4279,21,38.095914322186815
190,29,STARLINK-4279,21,105.33377500457908
190,30,STARLINK-32191,6,348.0667059177735
190,31,STARLINK-32191,6,67.44897934969767
220,20,STARLINK-5803,9,10.542631192428589
220,21,STARLINK-5803,9,11.512480645278677
220,22,STARLINK-5803,9,29.278340719681353
220,23,STARLINK-30552,18,71.21999586694037
220,24,STARLINK-30552,18,66.96486860229328
220,25,STARLINK-30552,18,44.121176554927345
220,26,STARLINK-30552,18,64.51573470943079
220,27,STARLINK-30552,18,20.242569344782062
220,28,STARLINK-31380,5,22.0610647535021
220,29,STARLINK-31380,5,14.796856320229246
220,30,STARLINK-31380,5,8.371323129494339
224,20,STARLINK-34756,13,0.004235079653381142
224,21,STARLINK-34756,13,0.009703791392536779
224,22,STARLINK-5311,21,6.56734455168714
224,23,STARLINK-5311,21,8.282450606275559
224,24,STARLINK-5311,21,31.56329160467973
224,25,STARLINK-5311,21,11.236362519478554
224,26,STARLINK-31379,17,24.3747296867341
224,27,STARLINK-31379,17,13.139539470394922
224,28,STARLINK-31379,17,15.019483393240739
224,29,STARLINK-31379,17,90.92388876469683
224,30,STARLINK-33558,20,21.714901003771583
224,31,STARLINK-33558,20,71.82460904388697
222,20,STARLINK-31010,1,22.510625759331035
222,21,STARLINK-31010,1,56.730813696755554
222,22,STARLINK-5311,5,11.0314009601242
222,23,STARLINK-5311,5,13.748959120918252
222,24,STARLINK-5311,5,40.64087115841415
222,25,STARLINK-5311,5,11.642680167895891
222,26,STARLINK-31379,16,18.700944329783276
222,27,STARLINK-31379,16,17.01547734120702
222,28,STARLINK-31379,16,9.930229483059689
222,29,STARLINK-31379,16,43.45133966422844
222,30,STARLINK-34746,8,0.03556128189753792
39,20,STARLINK-2523,16,14.236848444922524
39,21,STARLINK-5078,3,27.04648357392009
39,22,STARLINK-5078,3,15.46414785288915
39,23,STARLINK-5078,3,33.102435775373934
39,24,STARLINK-32199,10,17.045788640418216
39,25,STARLINK-32199,10,39.89139998222389
39,26,STARLINK-32199,10,31.674085188186073
39,27,STARLINK-6211,18,41.54557121790385
39,28,STARLINK-6211,18,63.040535661284885
39,29,STARLINK-6211,18,35.23777337712877
39,30,STARLINK-32191,3,271.03191315576476
39,31,STARLINK-32191,3,75.65732708126184
30,20,STARLINK-2523,21,14.53067161976472
30,21,STARLINK-2523,21,9.196493618607263
30,22,STARLINK-32199,1,44.98717476539623
30,23,STARLINK-32199,1,19.254329260566184
30,24,STARLINK-32199,1,30.203237978201695
30,25,STARLINK-32199,1,10.777043971679054
30,26,STARLINK-31379,12,50.296031658544585
30,27,STARLINK-31379,12,15.860533789975273
30,28,STARLINK-31379,12,29.183080159195654
30,29,STARLINK-31379,12,50.284751232766205
30,30,STARLINK-33558,1,203.85899380063523
30,31,STARLINK-33558,1,145.35672870920476
30,32,STARLINK-33558,1,257.8301837792535
31,20,STARLINK-2523,0,9.465935213452655
31,21,STARLINK-2523,0,6.012086463334669
31,22,STARLINK-2523,0,2.6068050496283512
31,23,STARLINK-30552,1,25.84040057582353
31,24,STARLINK-30552,1,33.34704460074896
31,25,STARLINK-30552,1,21.3219060429069
31,26,STARLINK-30552,1,62.898070232230594
31,27,STARLINK-30552,1,24.738703376705118
31,28,STARLINK-31380,19,155.35351151989718
31,29,STARLINK-31380,19,80.71192792097187
31,30,STARLINK-31380,19,16.981382472509928
32,20,STARLINK-2523,1,18.201790544555852
32,21,STARLINK-2523,1,17.68059384116561
32,22,STARLINK-2523,1,7.245277440877148
32,23,STARLINK-30552,17,22.498029417549773
32,24,STARLINK-30552,17,31.058735665031104
32,25,STARLINK-30552,17,36.977586923146156
32,26,STARLINK-30552,17,30.97621907317279
32,27,STARLINK-6211,1,41.76750411978525
32,28,STARLINK-6211,1,101.5485337788636
32,29,STARLINK-6211,1,99.69836398241611
32,30,STARLINK-6211,1,48.04957282441175
32,31,STARLINK-2643,7,22.468768758080923
33,20,STARLINK-31010,7,13.031983562322248
33,21,STARLINK-30334,7,7.175399752483835
33,22,STARLINK-30334,7,30.41096268783389
33,23,STARLINK-30334,7,66.30544379544574
33,24,STARLINK-30552,20,25.709015930619774
33,25,STARLINK-30552,20,63.16430189338538
33,26,STARLINK-30552,20,89.71104823526794
33,27,STARLINK-6211,7,49.85498092557097
33,28,STARLINK-6211,7,36.091310540982484
33,29,STARLINK-6211,7,59.94291154540431
33,30,STARLINK-30545,12,149.54169953571204
34,20,STARLINK-2523,18,63.67782149799402
34,21,STARLINK-2523,18,60.48078326229285
34,22,STARLINK-2523,18,69.55313054385753
34,23,STARLINK-32199,9,16.973754883647512
34,24,STARLINK-32199,9,29.592444944521247
34,25,STARLINK-32199,9,66.4987112349621
34,26,STARLINK-32199,9,174.6071710605798
34,27,STARLINK-6211,5,35.79177519227777
34,28,STARLINK-6211,5,9.558919064505051
34,29,STARLINK-6211,5,17.437529604329534
34,30,STARLINK-6211,5,13.424844295449837
35,20,STARLINK-34756,13,0.004235079653381142
35,21,STARLINK-3752,4,2.4709435466529657
35,22,STARLINK-3752,4,4.906032655904189
35,23,STARLINK-3752,4,7.53559379197713
35,24,STARLINK-3752,4,20.70596966165429
35,25,STARLINK-30545,16,13.689394364744366
35,26,STARLINK-30545,16,12.218440061302731
35,27,STARLINK-30545,16,9.063816466071893
35,28,STARLINK-30545,16,9.045984921696004
35,29,STARLINK-32009,19,97.91637467435021
35,30,STARLINK-32009,19,21.51850191473971
35,31,STARLINK-32009,19,11.530915767117467
35,32,STARLINK-32009,19,35.744192120298145
36,20,STARLINK-5803,2,20.76174857320627
36,21,STARLINK-5311,7,18.134993735944978
36,22,STARLINK-5311,7,5.863939493577292
36,23,STARLINK-5311,7,9.19657810250162
36,24,STARLINK-33846,10,24.97551461083673
36,25,STARLINK-33846,10,120.96560063732922
36,26,STARLINK-33846,10,25.947977133514964
36,27,STARLINK-31379,21,9.299775711281372
36,28,STARLINK-31379,21,7.855118365900495
36,29,STARLINK-31379,21,23.79740988338802
36,30,STARLINK-5287,4,289.08438433310124
36,31,STARLINK-5287,4,85.27568906252537
36,32,STARLINK-5287,4,54.74681599169939
37,20,STARLINK-2523,3,15.106627475278671
37,21,STARLINK-2523,3,10.630983633189759
37,22,STARLINK-2523,3,7.211024003366231
37,23,STARLINK-30552,21,11.760251664184741
37,24,STARLINK-30552,21,13.769714203193985
37,25,STARLINK-30552,21,24.789387015452963
37,26,STARLINK-30552,21,43.729130814372205
37,27,STARLINK-30552,21,8.340598245969856
37,28,STARLINK-3749,16,59.993266538830035
37,29,STARLINK-3749,16,40.43019210633383
37,30,STARLINK-3749,16,39.892039702359114
37,31,STARLINK-3749,16,24.331303875583746
37,32,STARLINK-34706,18,0.23588531149658926
229,20,STARLINK-5803,1,12.562538836396197
229,21,STARLINK-5803,1,22.48811712813961
229,22,STARLINK-5803,1,31.166074027401834
229,23,STARLINK-30552,7,13.950631805480446
229,24,STARLINK-30552,7,31.706920925938736
229,25,STARLINK-30552,7,33.62780140541476
229,26,STARLINK-30552,7,62.898070232230594
229,27,STARLINK-30552,7,24.73877600876907
229,28,STARLINK-31380,22,23.556805386685475
229,29,STARLINK-31380,22,23.15016009712347
229,30,STARLINK-31380,22,8.371250285271666
228,20,STARLINK-5803,2,20.76174857320627
228,21,STARLINK-30334,7,7.219387038282967
228,22,STARLINK-30334,7,30.77932102414101
228,23,STARLINK-30334,7,62.745642557426066
228,24,STARLINK-32199,18,49.8729123140736
228,25,STARLINK-32199,18,21.482132197120055
228,26,STARLINK-32199,18,46.544465743032006
228,27,STARLINK-4279,12,18.419983411506067
228,28,STARLINK-4279,12,86.76773732308301
228,29,STARLINK-4279,12,102.2371729962324
228,30,STARLINK-5287,9,122.33906934046185
228,31,STARLINK-5287,9,52.761678903902514
228,32,STARLINK-5287,9,98.29508219604418
227,20,STARLINK-3752,22,28.440510195298128
227,21,STARLINK-3752,22,5.028283332420209
227,22,STARLINK-3752,22,9.761717959192001
227,23,STARLINK-3752,22,7.614999323806949
227,24,STARLINK-33832,5,14.853290516851427
227,25,STARLINK-33832,5,9.068769501442821
227,26,STARLINK-33832,5,8.213433223276219
227,27,STARLINK-33832,5,49.804374190411636
227,28,STARLINK-31380,0,155.30997298767363
227,29,STARLINK-31380,0,80.71192792097187
227,30,STARLINK-31380,0,115.19860000213416
226,20,STARLINK-2523,9,12.123991726007835
226,21,STARLINK-30334,5,7.4533089077650105
226,22,STARLINK-30334,5,40.976407997318326
226,23,STARLINK-30334,5,57.150809371158566
226,24,STARLINK-32199,3,104.7780803524136
226,25,STARLINK-32199,3,143.94336979510263
226,26,STARLINK-32199,3,174.6064554172444
226,27,STARLINK-4279,2,70.03789296424726
226,28,STARLINK-4279,2,179.98987247582622
226,29,STARLINK-4279,2,246.06684431995032
226,30,STARLINK-30535,20,31.787644258573593
226,31,STARLINK-30535,20,77.503006538331
226,32,STARLINK-30535,20,57.728738994636416
225,20,STARLINK-2523,6,18.3222285306162
225,21,STARLINK-5078,7,21.42331908668082
225,22,STARLINK-5078,7,9.295996927147096
225,23,STARLINK-5078,7,18.08247361183224
225,24,STARLINK-33832,8,28.177606628719204
225,25,STARLINK-33832,8,11.707125067644899
225,26,STARLINK-33832,8,16.344918192034243
225,27,STARLINK-4279,2,70.03789296424726
225,28,STARLINK-4279,2,179.98987247582622
225,29,STARLINK-4279,2,246.06684431995032
225,30,STARLINK-5287,1,94.47713707038368
225,31,STARLINK-5287,1,90.59613437363237
225,32,STARLINK-5287,1,43.39444721337901
38,20,STARLINK-5803,21,10.288268147796185
38,21,STARLINK-5078,19,44.23580792296498
38,22,STARLINK-5078,19,31.0914614476636
38,23,STARLINK-5078,19,69.04351398518762
38,24,STARLINK-33846,17,32.61397608489448
38,25,STARLINK-33846,17,89.7000017582682
38,26,STARLINK-33846,17,15.364039993724804
38,27,STARLINK-6211,24,76.2854775108596
38,28,STARLINK-6211,24,15.418139871106964
38,29,STARLINK-6211,24,8.922122063239758
38,30,STARLINK-30545,4,72.33800730665591
198,20,STARLINK-2523,21,13.217556102432132
198,21,STARLINK-11520 [DTC],20,7.7211874639880875
198,22,STARLINK-11520 [DTC],20,18.521578427334177
198,23,STARLINK-11520 [DTC],20,11.57881101903822
198,24,STARLINK-30552,22,25.03228130110272
198,25,STARLINK-30552,22,34.1500595468772
198,26,STARLINK-30552,22,100.79382841782858
198,27,STARLINK-4279,16,19.65809005097352
198,28,STARLINK-4279,16,22.156758315307414
198,29,STARLINK-4279,16,70.41847964294712
198,30,STARLINK-5287,6,289.08438433310124
198,31,STARLINK-5287,6,115.47929272342594
198,32,STARLINK-5287,6,43.70193225541276
223,20,STARLINK-31010,20,18.063100623470998
223,21,STARLINK-30334,19,11.07967049019831
223,22,STARLINK-30334,19,71.65435698840649
223,23,STARLINK-30334,19,123.56572432786959
223,24,STARLINK-30552,4,70.08666434522789
223,25,STARLINK-30552,4,74.58389536515652
223,26,STARLINK-30552,4,112.88269070530977
223,27,STARLINK-6211,15,30.98123401615688
223,28,STARLINK-6211,15,23.312914041660353
223,29,STARLINK-6211,15,26.27901473356938
223,30,STARLINK-30535,5,32.561362222104194
221,20,STARLINK-31010,11,32.7964167304455
221,21,STARLINK-3752,19,4.335716049174083
221,22,STARLINK-3752,19,8.21063534556907
221,23,STARLINK-3752,19,9.90809068528305
221,24,STARLINK-3752,19,12.417792467415524
221,25,STARLINK-30545,17,32.98706251611555
221,26,STARLINK-30545,17,12.218708928285777
221,27,STARLINK-30545,17,9.063736272423668
221,28,STARLINK-30545,17,12.208668613201308
221,29,STARLINK-34746,6,0.02086999389460058
221,30,STARLINK-34746,6,0.033898439163321435
199,20,STARLINK-5803,20,12.052380414097758
199,21,STARLINK-5803,20,11.441276409081581
199,22,STARLINK-5803,20,15.647454121028668
199,23,STARLINK-33846,0,9.025228265106636
199,24,STARLINK-33846,0,16.764372324022418
199,25,STARLINK-33846,0,38.06758230682676
199,26,STARLINK-33846,0,26.83445934412726
199,27,STARLINK-33846,0,53.75994531060753
199,28,STARLINK-5287,19,50.2287225104418
199,29,STARLINK-5287,19,159.87661846069193
199,30,STARLINK-5287,19,64.25984855639943
199,31,STARLINK-5287,19,18.33124933662095
69,21,STARLINK-2523,15,10.618009066798251
69,22,STARLINK-2523,15,4.334886707970318
69,23,STARLINK-32199,23,10.123986776485747
69,24,STARLINK-32199,23,33.061068429259194
69,25,STARLINK-32199,23,46.90064098753743
69,26,STARLINK-32199,23,29.55536079835412
69,27,STARLINK-6211,10,30.045590856320718
69,28,STARLINK-6211,10,12.868094374905533
69,29,STARLINK-6211,10,13.605873210365694
69,30,STARLINK-6211,10,22.880421990010674
69,31,STARLINK-34706,1,0.007224150719002464
69,32,STARLINK-34706,1,0.01736335002040834
62,21,STARLINK-5803,15,14.4241973299944
62,22,STARLINK-30552,21,4.252354251379025
62,23,STARLINK-30552,21,11.760251664184741
62,24,STARLINK-30552,21,13.769714203193985
62,25,STARLINK-30545,2,14.926823985600134
62,26,STARLINK-30545,2,34.615540315854034
62,27,STARLINK-30545,2,36.098312442564435
62,28,STARLINK-2606,20,34.85877718622688
62,29,STARLINK-2606,20,54.229132050018414
62,30,STARLINK-2606,20,3.207943149174058
62,31,STARLINK-31380,12,300.5142662061819
63,21,STARLINK-3752,8,10.34050459614505
63,22,STARLINK-3752,8,16.99081164488591
63,23,STARLINK-3752,8,20.294684691740905
63,24,STARLINK-3752,8,6.541796745986707
63,25,STARLINK-30545,5,12.789560798023324
63,26,STARLINK-30545,5,17.68749826840504
63,27,STARLINK-30545,5,4.927209802332832
63,28,STARLINK-30545,5,5.0714213874830785
63,29,STARLINK-30300,21,19.745960955238637
63,30,STARLINK-30300,21,25.76738639075787
63,31,STARLINK-30300,21,75.46195916771386
63,32,STARLINK-30300,21,55.05158772661755
63,33,STARLINK-34631,3,0.029625950543200174
64,21,STARLINK-5803,19,16.5471449917297
64,22,STARLINK-5803,19,27.662005394120158
64,23,STARLINK-32199,5,7.259749631473105
64,24,STARLINK-32199,5,9.285110194980769
64,25,STARLINK-32199,5,9.21006874620203
64,26,STARLINK-32199,5,23.6039538660908
64,27,STARLINK-30545,21,4.820997512562041
64,28,STARLINK-30545,21,6.742903682555146
64,29,STARLINK-30545,21,16.78763655448245
64,30,STARLINK-30545,21,60.34815887545738
64,31,STARLINK-34756,18,0.06476270487734531
64,32,STARLINK-34756,18,0.16019493753019465
65,21,STARLINK-3752,9,2.4926960269792935
65,22,STARLINK-3752,9,5.396155336430044
65,23,STARLINK-3752,9,13.737167241864793
65,24,STARLINK-3752,9,9.298092152183044
65,25,STARLINK-30545,2,14.926823985600134
65,26,STARLINK-30545,2,34.615540315854034
65,27,STARLINK-30545,2,36.098312442564435
65,28,STARLINK-30545,2,71.6554874018712
65,29,STARLINK-30300,10,23.962688477635943
65,30,STARLINK-30300,10,19.593521585696152
65,31,STARLINK-30300,10,18.30440319293825
66,21,STARLINK-31010,16,20.742573370595668
66,22,STARLINK-3752,6,5.819488004715083
66,23,STARLINK-3752,6,7.706893532261813
66,24,STARLINK-3752,6,4.710722858294732
66,25,STARLINK-30545,1,10.324943104503802
66,26,STARLINK-30545,1,18.56185027531871
66,27,STARLINK-30545,1,8.504593018457513
66,28,STARLINK-3749,7,121.7885842706308
66,29,STARLINK-3749,7,95.9534070981774
66,30,STARLINK-3749,7,72.33664162002306
66,31,STARLINK-30991,11,224.0632753872785
66,32,STARLINK-30991,11,155.00747148506719
67,21,STARLINK-5803,18,55.51006562665836
67,22,STARLINK-3752,23,4.254644837472744
67,23,STARLINK-3752,23,7.690718304848295
67,24,STARLINK-3752,23,9.441431595065705
67,25,STARLINK-30545,6,21.550359955030178
67,26,STARLINK-30545,6,11.577288823190267
67,27,STARLINK-30545,6,7.702225376722531
67,28,STARLINK-3749,24,56.94414406385086
67,29,STARLINK-3749,24,15.287943134225033
67,30,STARLINK-3749,24,8.389523846008332
67,31,STARLINK-5176,13,228.8240750493343
67,32,STARLINK-5176,13,133.18605442729992
67,33,STARLINK-5176,13,193.86841175308226
68,21,STARLINK-31010,0,12.98310752405819
68,22,STARLINK-32199,0,12.342018783515254
68,23,STARLINK-32199,0,6.180878796735457
68,24,STARLINK-32199,0,10.766067666093875
68,25,STARLINK-30545,15,15.560616705366222
68,26,STARLINK-30545,15,11.645879071038918
68,27,STARLINK-30545,15,6.647754893300182
68,28,STARLINK-2606,15,36.66275316879349
68,29,STARLINK-2606,15,62.72643052807297
68,30,STARLINK-2606,15,12.668581420144307
68,31,STARLINK-31380,12,300.5142662061819
61,21,STARLINK-11520 [DTC],20,5.816238545379069
61,22,STARLINK-11520 [DTC],20,16.00207931919915
61,23,STARLINK-11520 [DTC],20,11.57881101903822
61,24,STARLINK-33832,21,13.542782968974064
61,25,STARLINK-33832,21,8.345509881070655
61,26,STARLINK-33832,21,7.9550630832413365
61,27,STARLINK-33832,21,46.005136912809405
61,28,STARLINK-2606,10,22.541534622161624
61,29,STARLINK-2606,10,32.074615546226404
61,30,STARLINK-2606,10,5.931331870507015
61,31,STARLINK-2606,10,4.856606421418055
61,32,STARLINK-34756,0,0.1601886455555703
60,21,STARLINK-11520 [DTC],15,6.853261103038366
60,22,STARLINK-11520 [DTC],15,17.27492308787624
60,23,STARLINK-11520 [DTC],15,10.304675179837599
60,24,STARLINK-33832,18,42.568259340124534
60,25,STARLINK-33832,18,13.85011546426324
60,26,STARLINK-33832,18,9.541525173757098
60,27,STARLINK-33832,18,55.09191645224627
60,28,STARLINK-3749,0,121.77859588418029
60,29,STARLINK-3749,0,96.0416828862341
60,30,STARLINK-3749,0,72.40783131622432
60,31,STARLINK-3749,0,24.30376928378524
60,32,STARLINK-34723,6,0.0040237613574516055
60,33,STARLINK-34723,6,0.005689034075921867
174,22,STARLINK-5803,8,49.82764547742123
174,23,STARLINK-33914,10,14.169469867547068
174,24,STARLINK-33914,10,15.881605754498336
174,25,STARLINK-33914,10,65.99366057207861
174,26,STARLINK-31483,4,90.66527526128546
174,27,STARLINK-31483,4,80.12432911803535
174,28,STARLINK-31483,4,85.76299407430174
174,29,STARLINK-5287,6,177.85843381459708
174,30,STARLINK-5287,6,77.84801049831967
174,31,STARLINK-5287,6,115.47929272342594
174,32,STARLINK-30985,17,245.41999671871312
174,33,STARLINK-30985,17,243.22419715143226
174,34,STARLINK-30985,17,98.51438788838473
177,22,STARLINK-31996,15,17.11896181690818
177,23,STARLINK-33914,21,7.812048725248669
177,24,STARLINK-33914,21,12.326103738120073
177,25,STARLINK-33914,21,49.255402269937214
177,26,STARLINK-31483,5,58.111489912840774
177,27,STARLINK-31483,5,16.725377181632776
177,28,STARLINK-31483,5,22.74654116818332
177,29,STARLINK-2606,16,30.19207918305613
177,30,STARLINK-2606,16,8.265528206720067
177,31,STARLINK-2606,16,7.551942468958683
177,32,STARLINK-33558,21,108.94923549109897
170,22,STARLINK-30334,9,30.302800945017374
170,23,STARLINK-30334,9,75.68984079209218
170,24,STARLINK-30334,9,34.25579878677854
170,25,STARLINK-30334,9,36.1828509687721
170,26,STARLINK-30545,18,20.203629213957
170,27,STARLINK-30545,18,5.326804505979076
170,28,STARLINK-30545,18,26.375313545518114
170,29,STARLINK-30545,18,50.101373757835525
170,30,STARLINK-33558,22,20.854322970170987
170,31,STARLINK-33558,22,14.866089350905705
170,32,STARLINK-33558,22,145.62299393455996
170,33,STARLINK-33558,22,145.65700416973095
170,34,STARLINK-34725,0,0.030091381291357133
171,22,STARLINK-5803,22,37.5044020899594
171,23,STARLINK-33914,15,7.236150086851544
171,24,STARLINK-33914,15,12.32606070582959
171,25,STARLINK-33914,15,49.256028501500445
171,26,STARLINK-31483,19,212.76920505349983
171,27,STARLINK-31483,19,40.02272819190436
171,28,STARLINK-31483,19,63.55844209726274
171,29,STARLINK-5287,13,151.13715072933704
171,30,STARLINK-5287,13,52.21678705896538
171,31,STARLINK-5287,13,52.66473131482545
171,32,STARLINK-5195,14,257.2670489673711
172,22,STARLINK-5803,23,17.776473597453226
172,23,STARLINK-33914,13,44.09496162422991
172,24,STARLINK-33914,13,60.3809950230394
172,25,STARLINK-33914,13,126.78833383222592
172,26,STARLINK-31483,7,68.0783140135586
172,27,STARLINK-31483,7,39.63483957145318
172,28,STARLINK-31483,7,38.42843017621146
172,29,STARLINK-5287,22,145.5082981332416
172,30,STARLINK-5287,22,37.438211814219656
172,31,STARLINK-5287,22,21.158148307910263
172,32,STARLINK-30985,11,124.13957095793896
172,33,STARLINK-30985,11,118.08827214085692
172,34,STARLINK-30985,11,42.23807922384457
173,22,STARLINK-11520 [DTC],7,19.204515310207814
173,23,STARLINK-11520 [DTC],7,14.462169443470685
173,24,STARLINK-33832,20,22.762065843612454
173,25,STARLINK-33832,20,24.8554668743863
173,26,STARLINK-33832,20,21.281482701795134
173,27,STARLINK-33832,20,111.50023618279336
173,28,STARLINK-5287,5,9.515664459901418
173,29,STARLINK-5287,5,68.38984377228313
173,30,STARLINK-5287,5,24.68274118173455
173,31,STARLINK-5287,5,18.91842773875307
173,32,STARLINK-34706,16,0.05539006795841192
179,22,STARLINK-31996,23,20.615805233963343
179,23,STARLINK-33914,23,9.284338535766597
179,24,STARLINK-33914,23,27.062649484984
179,25,STARLINK-33914,23,118.0134810437178
179,26,STARLINK-31483,1,60.173516976128916
179,27,STARLINK-31483,1,27.136577667494304
179,28,STARLINK-31483,1,68.64623246071378
179,29,STARLINK-2606,24,23.99047979664975
179,30,STARLINK-2606,24,3.53257887235544
179,31,STARLINK-2606,24,5.776422044972764
179,32,STARLINK-5195,14,257.2670489673711
179,33,STARLINK-5195,14,127.38097596676596
179,34,STARLINK-5195,14,107.68115122378038
178,22,STARLINK-11520 [DTC],1,19.988740046876657
178,23,STARLINK-11520 [DTC],1,14.962326461980858
178,24,STARLINK-33846,23,28.103194941404595
178,25,STARLINK-33846,23,49.76008898308123
178,26,STARLINK-33846,23,19.137720243063033
178,27,STARLINK-33846,23,46.896008889881514
178,28,STARLINK-5287,20,20.01783321555955
178,29,STARLINK-5287,20,84.80961119460333
178,30,STARLINK-5287,20,29.707882388484343
178,31,STARLINK-5287,20,35.226720911810816
178,32,STARLINK-5287,20,26.717717084709374
178,33,STARLINK-2437,20,0.0031593175378878476
178,34,STARLINK-2437,20,0.01501012602512983
175,22,STARLINK-31996,22,32.552858475172975
175,23,STARLINK-33914,14,30.00283101925728
175,24,STARLINK-33914,14,172.71556203836036
175,25,STARLINK-33914,14,306.6436551653721
175,26,STARLINK-31483,9,135.99440163566302
175,27,STARLINK-31483,9,182.49164906291549
175,28,STARLINK-31483,9,101.47010070286521
175,29,STARLINK-2606,3,144.61863247232253
175,30,STARLINK-2606,3,5.789114946007953
175,31,STARLINK-2606,3,37.15369315319209
175,32,STARLINK-30985,1,50.01582713375722
175,33,STARLINK-30985,1,86.90982765468783
175,34,STARLINK-30985,1,98.51438788838473
176,22,STARLINK-5078,12,80.37937515955448
176,23,STARLINK-5078,12,63.792749835777926
176,24,STARLINK-30552,13,47.944796507066584
176,25,STARLINK-30552,13,28.916367058673995
176,26,STARLINK-30552,13,31.56734981957177
176,27,STARLINK-30552,13,19.270400454039102
176,28,STARLINK-2606,5,11.933473514746765
176,29,STARLINK-2606,5,16.57853054961105
176,30,STARLINK-2606,5,2.056592238282577
176,31,STARLINK-2606,5,4.521292634285047
176,32,STARLINK-2606,5,7.937182796134645
176,33,STARLINK-2437,8,0.017419814668061962
176,34,STARLINK-2437,8,0.01501012602512983
121,23,STARLINK-31996,14,27.505303793640145
121,26,STARLINK-31379,8,44.78578263127546
121,27,STARLINK-31379,8,12.124312817087072
121,28,STARLINK-31379,8,47.24275457778092
121,29,STARLINK-30535,18,53.924520093287995
121,30,STARLINK-30535,18,54.99167359102818
121,31,STARLINK-30535,18,212.35390795048949
121,32,STARLINK-33558,11,64.2445249343874
121,33,STARLINK-33558,11,23.375646773182005
120,23,STARLINK-5078,17,30.571559160136108
120,26,STARLINK-31379,9,23.30626046075901
120,27,STARLINK-31379,9,37.70178067986378
120,28,STARLINK-31379,9,13.719243976120243
120,29,STARLINK-5287,18,85.42824659522446
120,30,STARLINK-5287,18,44.87317052939937
120,31,STARLINK-5287,18,59.72644510168963
120,32,STARLINK-33558,9,86.80812377846343
120,33,STARLINK-33558,9,30.859942107906015
279,23,STARLINK-34748,20,0.008858980795114836
279,24,STARLINK-33846,2,26.83434519995153
279,25,STARLINK-33846,2,46.06367392351676
279,26,STARLINK-33846,2,42.56056098733181
279,27,STARLINK-33846,2,139.32236463535324
279,28,STARLINK-2606,4,34.35885870479332
279,29,STARLINK-2606,4,27.72733570452506
279,30,STARLINK-2606,4,5.170452975469543
279,31,STARLINK-2606,4,14.923087000283527
279,32,STARLINK-2606,4,9.512483422010858
279,33,STARLINK-2437,7,0.01741672686675685
279,34,STARLINK-2437,7,0.01501012602512983
278,23,STARLINK-34723,8,0.004763213635106656
278,24,STARLINK-34723,8,0.0009970220656711655
278,25,STARLINK-30545,8,20.431317063171214
278,26,STARLINK-30545,8,28.082881839324116
278,27,STARLINK-30545,8,6.52236624437839
278,28,STARLINK-30545,8,42.35092003626899
278,29,STARLINK-30300,15,20.772938441391315
278,30,STARLINK-30300,15,16.096704801432278
278,31,STARLINK-30300,15,44.8257993660112
278,32,STARLINK-30300,15,19.71184558108738
278,33,STARLINK-34631,13,0.0035837911659144473
0,23,STARLINK-34723,12,0.012667699361686631
0,24,STARLINK-34723,12,0.0033471634441747345
0,25,STARLINK-30545,21,9.914019002138994
0,26,STARLINK-30545,21,21.78983216784462
0,27,STARLINK-30545,21,7.257596426824119
0,28,STARLINK-30545,21,6.742903682555146
0,29,STARLINK-30300,24,12.027751576291998
0,30,STARLINK-30300,24,9.866813503993155
0,31,STARLINK-30300,24,17.783524346414797
0,32,STARLINK-30300,24,13.48504310835944
0,33,STARLINK-2437,1,0.0012748264089889147
0,34,STARLINK-2437,1,0.006392978288208009
277,23,STARLINK-34748,23,0.007385109420997112
277,24,STARLINK-33846,20,22.3558150673013
277,25,STARLINK-33846,20,88.75776412714445
277,26,STARLINK-33846,20,48.1469514996441
277,27,STARLINK-33846,20,46.18253760599177
277,28,STARLINK-3749,4,57.26518630372435
277,29,STARLINK-3749,4,12.529785368295046
277,30,STARLINK-3749,4,10.876909341868387
277,31,STARLINK-3749,4,33.858807371204946
277,32,STARLINK-3749,4,19.82828534123082
277,33,STARLINK-2437,17,0.0021167113751500836
277,34,STARLINK-2437,17,0.006392978288208009
276,23,STARLINK-33914,5,8.144115707114278
276,24,STARLINK-33914,5,10.922198400401886
276,25,STARLINK-33914,5,42.30040262347431
276,26,STARLINK-31379,14,168.35425733227095
276,27,STARLINK-31379,14,51.34468207143119
276,28,STARLINK-31379,14,13.475589990050137
276,29,STARLINK-31379,14,30.37443761949142
276,30,STARLINK-30991,21,25.443745319808738
276,31,STARLINK-30991,21,51.59810033330422
276,32,STARLINK-30991,21,21.6899652182529
276,33,STARLINK-30991,21,8.147115082350767
275,23,STARLINK-34723,15,0.0013815097116734682
275,24,STARLINK-34723,15,0.0005450141244673964
275,25,STARLINK-30545,23,10.851589040583946
275,26,STARLINK-30545,23,13.063386519744999
275,27,STARLINK-30545,23,5.884885474938654
275,28,STARLINK-30545,23,17.182157972591384
275,29,STARLINK-3749,23,148.23852340395936
275,30,STARLINK-3749,23,140.1415477782582
275,31,STARLINK-3749,23,163.38140667241305
275,32,STARLINK-3749,23,137.50902309296112
275,33,STARLINK-2437,3,0.017417335776633593
275,34,STARLINK-2437,3,0.01501012602512983
274,23,STARLINK-34748,2,0.018461592097497575
274,24,STARLINK-30552,23,21.727299671760477
274,25,STARLINK-30552,23,17.30387107474665
274,26,STARLINK-30552,23,26.46183291406873
274,27,STARLINK-30552,23,9.663832417756902
274,28,STARLINK-32191,10,27.413114411045132
274,29,STARLINK-32191,10,5.31717772752971
274,30,STARLINK-32191,10,75.65600362862655
274,31,STARLINK-32191,10,8.02746828507346
274,32,STARLINK-33760,22,37.09783451794415
274,33,STARLINK-33760,22,37.84938357452519
274,34,STARLINK-33760,22,115.25769617504753
274,35,STARLINK-33760,22,150.44508596584203
273,23,STARLINK-5158,1,20.08250176709617
273,25,STARLINK-30545,11,163.97685575794506
273,26,STARLINK-30545,11,134.83174853893198
273,27,STARLINK-30545,11,81.98916642958048
273,28,STARLINK-31380,18,36.18926234614555
273,29,STARLINK-31380,18,4.259776408939177
273,30,STARLINK-31380,18,5.531614292357198
273,31,STARLINK-5176,18,54.42198523552383
273,32,STARLINK-5176,18,20.29416169477833
273,33,STARLINK-5176,18,64.0655969773654
273,34,STARLINK-33856,3,238.09696422518473
273,35,STARLINK-33856,3,136.4472165802143
272,23,STARLINK-34723,3,0.00461423655541559
272,24,STARLINK-34723,3,0.0036983857554006272
272,25,STARLINK-30545,6,21.550359955030178
272,26,STARLINK-30545,6,11.577288823190267
272,27,STARLINK-30545,6,7.702225376722531
272,28,STARLINK-30545,6,17.182157972591384
272,29,STARLINK-32009,5,8.231990603102608
272,30,STARLINK-32009,5,4.879217552428335
272,31,STARLINK-32009,5,8.914487676038982
272,32,STARLINK-32009,5,29.071300605213537
272,33,STARLINK-2437,18,0.0017001243987151376
272,34,STARLINK-2437,18,0.007127482294510538
271,23,STARLINK-33914,11,45.97043974860636
271,24,STARLINK-33914,11,172.7238651686494
271,25,STARLINK-33914,11,165.6574683147186
271,26,STARLINK-31379,1,14.242692703269448
271,27,STARLINK-31379,1,11.200830504176107
271,28,STARLINK-31379,1,10.658816797864407
271,29,STARLINK-31379,1,15.869515387755085
271,30,STARLINK-5287,19,64.25984855639943
271,31,STARLINK-5287,19,18.33124933662095
271,32,STARLINK-5287,19,27.737951052122277
271,33,STARLINK-5287,19,21.07161675825885
270,23,STARLINK-34748,13,0.02187256474820061
270,24,STARLINK-33832,2,18.488118717620583
270,25,STARLINK-33832,2,6.18736049290019
270,26,STARLINK-33832,2,11.0342539040419
270,27,STARLINK-33832,2,73.00753848248848
270,28,STARLINK-30535,4,8.525637971543405
270,29,STARLINK-30535,4,19.960070862572415
270,30,STARLINK-30535,4,33.826720881204224
270,31,STARLINK-30535,4,40.859398783341646
270,32,STARLINK-30535,4,40.176376665841765
270,33,STARLINK-30535,4,31.111590915022365
270,34,STARLINK-34725,3,0.0038238950392793358
270,35,STARLINK-34725,3,0.012562535359900581
122,23,STARLINK-11520 [DTC],17,27.823471333191822
122,26,STARLINK-31483,6,76.82021588818654
122,27,STARLINK-31483,6,34.36352991740175
122,28,STARLINK-31483,6,193.79109189608505
122,29,STARLINK-2606,21,25.555327086573826
122,30,STARLINK-2606,21,4.672089013270992
122,31,STARLINK-2606,21,7.6096105638486735
122,32,STARLINK-30985,6,67.62195985898835
122,33,STARLINK-30985,6,141.1542132824822
122,34,STARLINK-30985,6,49.09886825397342
122,35,STARLINK-34078,7,188.20637025178308
123,23,STARLINK-34723,22,0.0018144407993004404
123,24,STARLINK-34723,22,0.0010308432255155744
123,25,STARLINK-30545,2,9.712654256911145
123,26,STARLINK-30545,2,22.934530025232593
123,27,STARLINK-30545,2,6.543822680964285
123,28,STARLINK-30545,2,71.6554874018712
123,29,STARLINK-30300,4,10.402491871948548
123,30,STARLINK-30300,4,9.740436443083262
123,31,STARLINK-30300,4,22.631976638954697
123,32,STARLINK-30300,4,10.763402246714437
123,33,STARLINK-2437,5,0.0013971869749145414
123,34,STARLINK-2437,5,0.01501012602512983
127,23,STARLINK-34748,11,0.033635713116309654
127,24,STARLINK-33832,12,60.367024773667666
127,25,STARLINK-33832,12,16.4892319626368
127,26,STARLINK-33832,12,14.002176575413147
127,27,STARLINK-33832,12,48.4416454278406
127,28,STARLINK-30535,21,9.101895747406344
127,29,STARLINK-30535,21,20.630706571591826
127,30,STARLINK-30535,21,33.68129424289624
127,31,STARLINK-30535,21,30.249813605810377
127,32,STARLINK-30535,21,34.41458780490619
127,33,STARLINK-2437,20,0.002070069269044528
127,34,STARLINK-2437,20,0.015003765275208697
125,23,STARLINK-33914,5,8.144115707114278
125,24,STARLINK-33832,14,71.45502883294006
125,25,STARLINK-33832,14,14.206890005482308
125,26,STARLINK-33832,14,22.358557228289264
125,27,STARLINK-4279,19,18.955883037175383
125,28,STARLINK-4279,19,43.5149664257223
125,29,STARLINK-4279,19,109.4351340717691
125,30,STARLINK-30535,19,53.829343444087854
125,31,STARLINK-30535,19,22.345567423022487
125,32,STARLINK-30535,19,37.68829000617341
125,33,STARLINK-30300,22,192.10777667068754
1,23,STARLINK-34723,14,0.004100354557722228
1,24,STARLINK-34723,14,0.0022483258569934014
1,25,STARLINK-30545,10,11.334362854243649
1,26,STARLINK-30545,10,16.922155219824283
1,27,STARLINK-30545,10,6.476859680143355
1,28,STARLINK-30545,10,4.720748621110481
1,29,STARLINK-32009,24,10.309576203466959
1,30,STARLINK-32009,24,7.556457051684304
1,31,STARLINK-32009,24,9.677790944705539
1,32,STARLINK-32009,24,23.773513148643328
1,33,STARLINK-34631,13,0.0035837911659144473
2,23,STARLINK-5158,20,15.28983295089326
2,26,STARLINK-31379,4,18.701367830512336
2,27,STARLINK-31379,4,25.149017217809835
2,28,STARLINK-31379,4,5.3578397007059975
2,29,STARLINK-2606,20,22.87673370166817
2,30,STARLINK-2606,20,2.472070179727269
2,31,STARLINK-2606,20,8.314749376017005
2,32,STARLINK-30985,22,31.007609189621267
2,33,STARLINK-30985,22,16.450103046968145
2,34,STARLINK-30985,22,31.527233890018532
2,35,STARLINK-34078,22,86.4479237778507
3,23,STARLINK-3752,5,6.317682799947981
3,24,STARLINK-3752,5,3.3573678058785092
3,26,STARLINK-31483,18,63.90835522122118
3,27,STARLINK-31483,18,17.95264935641279
3,28,STARLINK-31483,18,39.89703484982433
3,29,STARLINK-30535,13,25.620904494597493
3,30,STARLINK-30535,13,29.41309806970579
3,31,STARLINK-30535,13,43.25606800144022
3,32,STARLINK-33760,1,29.14373216682483
3,33,STARLINK-33760,1,19.37498321923611
3,34,STARLINK-33760,1,63.2947257604942
4,23,STARLINK-34748,8,0.021451975780026188
4,24,STARLINK-33832,13,30.0155797528832
4,25,STARLINK-33832,13,8.142759237496618
4,26,STARLINK-33832,13,4.661711805853632
4,27,STARLINK-33832,13,61.46811889756415
4,28,STARLINK-30535,10,7.3419479018639775
4,29,STARLINK-30535,10,21.155069088642577
4,30,STARLINK-30535,10,18.681843182044112
4,31,STARLINK-30535,10,19.16378973300585
4,32,STARLINK-30535,10,73.50974163781069
4,33,STARLINK-2437,6,0.0017003640865237
4,34,STARLINK-2437,6,0.0038584881164149074
5,23,STARLINK-3752,6,7.706761767688518
5,24,STARLINK-3752,6,4.710692712444254
5,26,STARLINK-31379,7,15.531598300978077
5,27,STARLINK-31379,7,15.26168852145666
5,28,STARLINK-31379,7,6.846715455147563
5,29,STARLINK-32009,21,10.134600280635253
5,30,STARLINK-32009,21,8.072597271747616
5,31,STARLINK-32009,21,11.274701026995285
5,32,STARLINK-33760,23,119.91621471174706
5,33,STARLINK-33760,23,144.50300552997638
5,34,STARLINK-33760,23,115.25769617504753
124,23,STARLINK-33914,17,23.28254971078566
124,24,STARLINK-33914,17,25.52923798655373
124,25,STARLINK-33914,17,82.7996315584895
124,26,STARLINK-31379,10,21.338538893941603
124,27,STARLINK-31379,10,10.899862000555059
124,28,STARLINK-31379,10,4.651722195981587
124,29,STARLINK-31379,10,10.92872795207941
124,30,STARLINK-33558,15,21.343796927625235
124,31,STARLINK-33558,15,22.418210835016946
124,32,STARLINK-33558,15,57.785095983797916
124,33,STARLINK-33558,15,6.347717140492148
6,23,STARLINK-5311,19,11.597412026806314
6,24,STARLINK-5311,19,69.04207094081156
6,25,STARLINK-5311,19,42.24666324225063
6,26,STARLINK-31379,15,17.80036835546868
6,27,STARLINK-31379,15,12.363316984952428
6,28,STARLINK-31379,15,9.892686660209563
6,29,STARLINK-32009,24,10.309576203466959
6,30,STARLINK-32009,24,7.556457051684304
6,31,STARLINK-32009,24,9.677790944705539
6,32,STARLINK-33760,3,72.22054348161674
6,33,STARLINK-33760,3,43.711621429762374
6,34,STARLINK-33760,3,22.755502454386423
8,23,STARLINK-34748,24,0.016377282280603003
8,24,STARLINK-33832,1,22.88000737145451
8,25,STARLINK-33832,1,5.727396752493973
8,26,STARLINK-33832,1,3.672930508547116
8,27,STARLINK-33832,1,39.614540475084176
8,28,STARLINK-32191,24,21.428418107970888
8,29,STARLINK-32191,24,3.731616981149445
8,30,STARLINK-32191,24,47.689045163974704
8,31,STARLINK-32191,24,8.143098389753145
8,32,STARLINK-5176,22,7.754779700948038
8,33,STARLINK-5176,22,8.903907517099016
8,34,STARLINK-5176,22,20.66931049182994
9,23,STARLINK-3752,12,41.18464462242883
9,24,STARLINK-3752,12,12.007967678019313
9,26,STARLINK-31379,19,27.777678968369862
9,27,STARLINK-31379,19,13.177052679738559
9,28,STARLINK-31379,19,7.850801669130695
9,29,STARLINK-30535,22,22.29484513494579
9,30,STARLINK-30535,22,19.52417382131211
9,31,STARLINK-30535,22,15.20161092984993
9,32,STARLINK-33760,18,42.60424173076738
9,33,STARLINK-33760,18,25.176955478254563
9,34,STARLINK-33760,18,68.76065833577339
9,35,STARLINK-34078,2,188.15840399854713
129,23,STARLINK-34723,8,0.004762328373894728
129,24,STARLINK-34723,8,0.0009970220656711655
129,25,STARLINK-30545,13,14.045007157229906
129,26,STARLINK-30545,13,11.57737762904133
129,27,STARLINK-30545,13,6.088395955685112
129,28,STARLINK-30545,13,9.281088633434399
129,29,STARLINK-32009,4,8.33882615026452
129,30,STARLINK-32009,4,7.4666354380413535
129,31,STARLINK-32009,4,11.947783849618535
129,32,STARLINK-32009,4,19.56116241184096
129,33,STARLINK-2437,13,0.0017001669889244908
129,34,STARLINK-2437,13,0.007126000121561467
128,23,STARLINK-34748,18,0.03746526027102239
128,24,STARLINK-33832,15,12.241020227035339
128,25,STARLINK-33832,15,5.514362493724311
128,26,STARLINK-33832,15,5.23991531711862
128,27,STARLINK-33832,15,46.844729065790766
128,28,STARLINK-3749,16,40.34448911762335
128,29,STARLINK-3749,16,15.22668546313508
128,30,STARLINK-3749,16,19.560893759245207
128,31,STARLINK-3749,16,22.6276626624749
128,32,STARLINK-33760,21,22.73318713691298
128,33,STARLINK-33760,21,5.274280486851339
128,34,STARLINK-33760,21,36.39919284000785
128,35,STARLINK-33760,21,150.4869082152762
126,23,STARLINK-3752,2,14.995106845069973
126,24,STARLINK-3752,2,4.509782875350747
126,25,STARLINK-30545,16,13.689394364744366
126,26,STARLINK-30545,16,12.218440061302731
126,27,STARLINK-30545,16,7.690511216019451
126,28,STARLINK-2606,18,20.393852438943387
126,29,STARLINK-2606,18,18.528583363941706
126,30,STARLINK-2606,18,2.8782174668464697
126,31,STARLINK-30991,3,127.1322893839681
126,32,STARLINK-30991,3,22.745135705138605
126,33,STARLINK-30991,3,37.66139176688392
126,34,STARLINK-33856,13,167.3014626492916
126,35,STARLINK-33856,13,136.40761144045283
7,23,STARLINK-34748,12,0.03992479448855561
7,26,STARLINK-31379,10,21.338538893941603
7,27,STARLINK-31379,10,10.899862000555059
7,28,STARLINK-31379,10,4.651722195981587
7,29,STARLINK-32009,5,8.231990603102608
7,30,STARLINK-32009,5,4.879217552428335
7,31,STARLINK-32009,5,8.914487676038982
7,32,STARLINK-30985,5,38.2625268996491
7,33,STARLINK-30985,5,52.7814955548366
7,34,STARLINK-30985,5,98.5057707406478
257,24,STARLINK-34631,4,0.003048424710728792
257,25,STARLINK-34631,4,0.0008514168154146078
257,26,STARLINK-31379,23,13.76885600223277
257,27,STARLINK-31379,23,9.199823282376055
257,28,STARLINK-31379,23,7.824474768937916
257,29,STARLINK-31379,23,42.163968998287274
257,30,STARLINK-33558,5,9.053039393972803
257,31,STARLINK-33558,5,9.0941241316787
257,32,STARLINK-33558,5,37.147150376639296
257,33,STARLINK-33558,5,20.39266857611107
257,34,STARLINK-34748,7,0.04891615455661077
257,35,STARLINK-34748,7,0.01124306181990341
259,24,STARLINK-30603,20,33.08390478791821
259,25,STARLINK-30603,20,14.734789714953495
259,26,STARLINK-31379,21,42.730221318414195
259,27,STARLINK-31379,21,14.46448753351882
259,28,STARLINK-31379,21,5.993369896682119
259,29,STARLINK-2606,21,19.048809168691434
259,30,STARLINK-2606,21,3.233744687823502
259,31,STARLINK-2606,21,5.256848010335112
259,32,STARLINK-30985,0,135.62980341435764
259,33,STARLINK-30985,0,243.24968464222562
259,34,STARLINK-30985,0,98.49711323911305
258,24,STARLINK-34631,19,0.0029044160438023
258,25,STARLINK-34631,19,0.0020420725099924786
258,26,STARLINK-31379,21,42.730221318414195
258,27,STARLINK-31379,21,14.46448753351882
258,28,STARLINK-31379,21,7.127880096063438
258,29,STARLINK-31379,21,12.785762923796135
258,30,STARLINK-33558,21,16.24273886790566
258,31,STARLINK-33558,21,12.922727346797931
258,32,STARLINK-33558,21,33.93372529842315
258,33,STARLINK-33558,21,5.352293657486273
258,34,STARLINK-34748,1,0.012041668138454765
256,24,STARLINK-30603,12,69.50856598362489
256,25,STARLINK-30603,12,21.22561258489135
256,26,STARLINK-31379,6,30.785834471287167
256,27,STARLINK-31379,6,17.991153377773482
256,28,STARLINK-31379,6,76.54734661379489
256,29,STARLINK-30535,16,26.564661992012102
256,30,STARLINK-30535,16,61.19928832444672
256,31,STARLINK-30535,16,35.64695772833208
256,32,STARLINK-33760,8,225.16055200624234
256,33,STARLINK-33760,8,144.50517766663157
256,34,STARLINK-33760,8,115.24821977030936
255,24,STARLINK-33846,4,44.84717260292418
255,25,STARLINK-33846,4,76.3731995297865
255,26,STARLINK-33846,4,13.909828564439456
255,27,STARLINK-33846,4,60.46710002593215
255,28,STARLINK-3749,17,70.33098695308152
255,29,STARLINK-3749,17,32.437896881095426
255,30,STARLINK-3749,17,17.248521435584443
255,31,STARLINK-3749,17,84.64901770720037
255,32,STARLINK-3749,17,27.970794378833087
255,33,STARLINK-5195,1,13.562748525167043
255,34,STARLINK-5195,1,37.12876764068221
255,35,STARLINK-5195,1,44.65186074042494
253,24,STARLINK-34235,14,0.002183420914429516
253,25,STARLINK-30545,19,56.626360573069306
253,26,STARLINK-30545,19,15.491246224259513
253,27,STARLINK-30545,19,6.665118237535298
253,28,STARLINK-30545,19,6.739425333909802
253,29,STARLINK-30300,5,8.7012311442105
253,30,STARLINK-30300,5,5.449251243282387
253,31,STARLINK-30300,5,12.43410590500341
253,32,STARLINK-30300,5,7.429278693776091
253,33,STARLINK-2437,14,0.017412258393333133
253,34,STARLINK-2437,14,0.01501012602512983
252,24,STARLINK-30603,6,34.49438242429885
252,25,STARLINK-30603,6,19.600013478360783
252,27,STARLINK-4279,8,14.324546054807366
252,28,STARLINK-4279,8,124.27793478709839
252,29,STARLINK-4279,8,124.16516943647511
252,30,STARLINK-30991,14,52.39258825357679
252,31,STARLINK-30991,14,42.21484701503105
252,32,STARLINK-30991,14,154.99472428451466
252,33,STARLINK-30984,23,94.8322396743447
252,34,STARLINK-30984,23,98.04419229779354
252,35,STARLINK-30984,23,12.771945458186206
252,36,STARLINK-3557,6,76.54353593665914
251,24,STARLINK-30603,15,29.64509350985921
251,25,STARLINK-30603,15,8.4695362780408
251,27,STARLINK-4279,20,12.814302238245983
251,28,STARLINK-4279,20,35.9670135988997
251,29,STARLINK-4279,20,33.334879892983544
251,30,STARLINK-5176,24,9.573835168743281
251,31,STARLINK-5176,24,22.956360584077608
251,32,STARLINK-5176,24,12.988604062201487
251,33,STARLINK-30985,17,243.2089016044141
251,34,STARLINK-30985,17,98.5057707406478
251,35,STARLINK-30985,17,76.83075964945111
250,24,STARLINK-34235,11,0.00405534452732869
250,25,STARLINK-30545,7,16.59782786306342
250,26,STARLINK-30545,7,9.368147640180371
250,27,STARLINK-30545,7,7.619669146366138
250,28,STARLINK-30545,7,5.923911809780531
250,29,STARLINK-30535,15,33.08309565166711
250,30,STARLINK-30535,15,31.354553505631436
250,31,STARLINK-30535,15,35.88986636036345
250,32,STARLINK-30535,15,29.048876229636114
250,33,STARLINK-30535,15,4.727934636145066
250,34,STARLINK-30985,3,12.650963711811247
250,35,STARLINK-30985,3,17.038691328659873
250,36,STARLINK-30985,3,94.32090814225063
254,24,STARLINK-34631,8,0.001568982088218604
254,25,STARLINK-34631,8,0.0006244027928058939
254,26,STARLINK-31379,22,71.78392673711322
254,27,STARLINK-31379,22,25.471747339040835
254,28,STARLINK-31379,22,5.60829236390629
254,29,STARLINK-31379,22,11.43696493654228
254,30,STARLINK-33558,24,8.652371138684202
254,31,STARLINK-33558,24,8.0945307312244
254,32,STARLINK-33558,24,39.47930782310247
254,33,STARLINK-33558,24,5.702225941421001
254,34,STARLINK-33856,15,84.71320402958669
254,35,STARLINK-33856,15,55.25019375577821
254,36,STARLINK-33856,15,87.70523797513206
189,25,STARLINK-34725,14,0.0011122789051471577
189,26,STARLINK-34725,14,0.004345165932654292
189,27,STARLINK-4279,16,19.65809005097352
189,28,STARLINK-4279,16,26.029754593949544
189,29,STARLINK-4279,16,44.290427421097185
189,30,STARLINK-4279,16,37.443141616251786
189,31,STARLINK-5195,15,8.321408629087426
189,32,STARLINK-5195,15,25.67377463770913
189,33,STARLINK-5195,15,4.248201100011031
189,34,STARLINK-5195,15,12.74174483995491
189,35,STARLINK-5195,15,36.1545702084602
189,36,STARLINK-3557,0,76.54355892726547
189,37,STARLINK-3557,0,135.58625169916692
281,25,STARLINK-30603,17,13.369812256944972
281,27,STARLINK-6211,11,127.53668908392939
281,28,STARLINK-6211,11,65.12462825953105
281,29,STARLINK-6211,11,26.315285700260016
281,30,STARLINK-33558,7,30.97532518088407
281,31,STARLINK-33558,7,14.199522005780619
281,32,STARLINK-33558,7,145.63428953043632
281,33,STARLINK-30985,22,14.618753824790549
281,34,STARLINK-30985,22,25.73088722628366
281,35,STARLINK-30985,22,13.223470035065914
281,36,STARLINK-3557,3,62.57767444179116
282,25,STARLINK-34725,13,0.0008686418039598197
282,26,STARLINK-34725,13,0.0010797532603274921
282,27,STARLINK-4279,18,9.707631603158218
282,28,STARLINK-4279,18,22.094963030749422
282,29,STARLINK-4279,18,23.568411157057618
282,30,STARLINK-4279,18,15.287459970435721
282,31,STARLINK-30991,19,20.87447273055553
282,32,STARLINK-30991,19,14.080159593776068
282,33,STARLINK-30991,19,19.654418993237194
282,34,STARLINK-30991,19,78.46494949417266
282,35,STARLINK-30984,14,74.77300671195646
282,36,STARLINK-30984,14,153.54525010252695
282,37,STARLINK-30984,14,158.90193464760563
283,25,STARLINK-34736,14,0.0017185245488680234
283,26,STARLINK-34736,14,0.005831336851961263
283,27,STARLINK-6211,22,41.54557121790385
283,28,STARLINK-6211,22,7.926706943737037
283,29,STARLINK-6211,22,5.139002388480169
283,30,STARLINK-6211,22,5.89800144179056
283,31,STARLINK-30991,22,15.681700856289066
283,32,STARLINK-30991,22,9.704596118707503
283,33,STARLINK-30991,22,6.408619712329284
283,34,STARLINK-30991,22,37.16403535779909
283,35,STARLINK-30984,0,44.34666107191861
283,36,STARLINK-30984,0,37.767605841316524
283,37,STARLINK-30984,0,74.929271807368
284,25,STARLINK-34578,18,0.00099730101064481
284,26,STARLINK-31379,24,45.90855104253228
284,27,STARLINK-31379,24,23.05080589466391
284,28,STARLINK-31379,24,4.148131081906807
284,29,STARLINK-31379,24,10.545911747377987
284,30,STARLINK-30991,5,8.303411841765527
284,31,STARLINK-30991,5,16.961557600648888
284,32,STARLINK-30991,5,9.662926024854016
284,33,STARLINK-30991,5,6.366200341223018
284,34,STARLINK-34748,11,0.011124577544693107
284,35,STARLINK-34748,11,0.029508200629819063
285,25,STARLINK-34736,13,0.0013420970831447845
285,26,STARLINK-34736,13,0.001449107740582013
285,27,STARLINK-4279,4,15.648777343101319
285,28,STARLINK-4279,4,19.207347261923733
285,29,STARLINK-4279,4,20.33790118286653
285,30,STARLINK-4279,4,15.862930397494859
285,31,STARLINK-5195,22,3.5855632054828477
285,32,STARLINK-5195,22,24.463522063452565
285,33,STARLINK-5195,22,4.038580935121557
285,34,STARLINK-5195,22,21.718939120762986
285,35,STARLINK-5195,22,28.554679236146967
285,36,STARLINK-3557,17,173.1955042703782
285,37,STARLINK-3557,17,135.6691860424898
286,25,STARLINK-34736,10,0.0009701266716374263
286,26,STARLINK-34736,10,0.0018729931869215653
286,27,STARLINK-4279,22,18.420029047663252
286,28,STARLINK-4279,22,18.785752028173366
286,29,STARLINK-4279,22,23.420931822346507
286,30,STARLINK-4279,22,10.150353698380309
286,31,STARLINK-30991,24,16.8918134016618
286,32,STARLINK-30991,24,10.794510770091522
286,33,STARLINK-30991,24,6.524227328050039
286,34,STARLINK-30991,24,20.49436332911178
286,35,STARLINK-30984,18,12.7726529634806
286,36,STARLINK-30984,18,80.98415603146985
286,37,STARLINK-30984,18,15.016281390777156
287,25,STARLINK-30334,24,31.64856839854947
287,28,STARLINK-31380,1,27.26112402301871
287,29,STARLINK-31380,1,5.162195805966213
287,30,STARLINK-31380,1,6.251692337070149
287,31,STARLINK-30991,9,40.490154050475084
287,32,STARLINK-30991,9,18.995583246520333
287,33,STARLINK-30991,9,28.76610440007854
287,34,STARLINK-33856,20,238.06736191245682
287,35,STARLINK-33856,20,136.40761144045283
287,36,STARLINK-33856,20,87.70523797513206
287,37,STARLINK-34078,13,353.1212882567589
288,25,STARLINK-34736,11,0.001872548975104402
288,26,STARLINK-34736,11,0.009463485246047933
288,27,STARLINK-6211,23,17.886096501282964
288,28,STARLINK-6211,23,10.816283419525385
288,29,STARLINK-6211,23,15.899401740509688
288,30,STARLINK-6211,23,22.49498496998398
288,31,STARLINK-30300,19,11.705397636167774
288,32,STARLINK-30300,19,9.094873858182165
288,33,STARLINK-30300,19,125.24040882248501
288,34,STARLINK-30300,19,37.09775740006799
288,35,STARLINK-34564,19,0.05016735378600447
288,36,STARLINK-34564,19,0.023404558764212633
181,25,STARLINK-34736,3,0.009338206081475613
181,26,STARLINK-34736,3,0.006704506249835749
181,27,STARLINK-6211,19,39.30949288971663
181,28,STARLINK-6211,19,10.26098245749451
181,29,STARLINK-6211,19,5.7265659425353626
181,30,STARLINK-6211,19,6.918626708450103
181,31,STARLINK-5195,24,3.838302586585283
181,32,STARLINK-5195,24,26.801702488761684
181,33,STARLINK-5195,24,4.108149486299974
181,34,STARLINK-5195,24,13.323082064216884
181,35,STARLINK-5195,24,59.218013047581486
181,36,STARLINK-3557,14,75.36235929065197
181,37,STARLINK-3557,14,51.713260288600935
180,25,STARLINK-34736,8,0.0023224193065621347
180,26,STARLINK-34736,8,0.0037833336350996468
180,27,STARLINK-6211,4,23.093603178537865
180,28,STARLINK-6211,4,6.460002450356433
180,29,STARLINK-6211,4,3.3925946712059285
180,30,STARLINK-6211,4,7.18836109645018
180,31,STARLINK-30985,15,10.0077296010902
180,32,STARLINK-30985,15,18.915758333628805
180,33,STARLINK-30985,15,14.068256119761983
180,34,STARLINK-30985,15,10.090948968963282
180,35,STARLINK-30985,15,12.698662843756498
180,36,STARLINK-3557,18,56.49412971167591
180,37,STARLINK-3557,18,10.183571566282284
182,25,STARLINK-5311,22,16.51358883243408
182,27,STARLINK-4279,7,15.648768950805326
182,28,STARLINK-4279,7,22.799684154576244
182,29,STARLINK-4279,7,62.66848018689901
182,30,STARLINK-30991,4,11.051854945822559
182,31,STARLINK-30991,4,25.64882390234884
182,32,STARLINK-30991,4,11.553273907546426
182,33,STARLINK-30984,23,94.8322396743447
182,34,STARLINK-30984,23,98.04419229779354
182,35,STARLINK-30984,23,12.771945458186206
183,25,STARLINK-30603,7,13.159534857910415
183,28,STARLINK-3749,12,80.70279476319786
183,29,STARLINK-3749,12,21.672872084627574
183,30,STARLINK-3749,12,24.40266984942088
183,31,STARLINK-5176,15,27.948552497502128
183,32,STARLINK-5176,15,5.035232550278232
183,33,STARLINK-5176,15,7.73155865624434
183,34,STARLINK-33856,6,117.41859063178552
183,35,STARLINK-33856,6,50.371219378085875
184,25,STARLINK-34725,11,0.00121193692115965
184,26,STARLINK-34725,11,0.007050811898124229
184,27,STARLINK-6211,2,24.04613057177073
184,28,STARLINK-6211,2,101.5485337788636
184,29,STARLINK-6211,2,99.69836398241611
184,30,STARLINK-6211,2,48.04988508556157
184,31,STARLINK-5195,21,7.644064076043663
184,32,STARLINK-5195,21,33.66170558995381
184,33,STARLINK-5195,21,4.277226904850564
184,34,STARLINK-5195,21,25.122094966920837
184,35,STARLINK-34575,13,0.007139854500585205
185,25,STARLINK-30603,23,8.17741079824601
185,28,STARLINK-31380,5,11.752786875322373
185,29,STARLINK-31380,5,2.904788640921494
185,30,STARLINK-31380,5,2.763278940638389
185,31,STARLINK-5176,7,29.15674063488593
185,32,STARLINK-5176,7,19.79340095070931
185,33,STARLINK-5176,7,92.82885583508396
185,34,STARLINK-33856,11,108.57480099052411
185,35,STARLINK-33856,11,88.99381748461123
185,36,STARLINK-33856,11,30.930648646125768
186,25,STARLINK-30603,23,8.17741079824601
186,28,STARLINK-31380,10,15.307733135795848
186,29,STARLINK-31380,10,4.1554993920005
186,30,STARLINK-31380,10,3.34379832525584
186,31,STARLINK-5176,23,106.95746682182165
186,32,STARLINK-5176,23,24.215750215361908
186,33,STARLINK-5176,23,93.48257061516038
186,34,STARLINK-33856,11,108.57480099052411
186,35,STARLINK-33856,11,88.99381748461123
186,36,STARLINK-33856,11,30.930648646125768
186,37,STARLINK-34078,0,167.69016154154104
187,25,STARLINK-30603,1,8.177313232228366
187,28,STARLINK-32191,19,26.929198489030586
187,29,STARLINK-32191,19,3.7864035729601158
187,30,STARLINK-32191,19,36.65501835157249
187,31,STARLINK-30991,1,25.861647050496227
187,32,STARLINK-30991,1,8.88506979251432
187,33,STARLINK-30991,1,17.93954519634903
187,34,STARLINK-33856,18,75.36816995981658
187,35,STARLINK-33856,18,26.661361551436247
187,36,STARLINK-33856,18,13.73938678433823
187,37,STARLINK-34078,14,167.70484883704336
289,25,STARLINK-34736,17,0.001258223738496348
289,26,STARLINK-34736,17,0.0013796529975388253
289,27,STARLINK-6211,14,30.57740201876111
289,28,STARLINK-6211,14,17.643813545123926
289,29,STARLINK-6211,14,10.932930206457954
289,30,STARLINK-6211,14,22.879329112375103
289,31,STARLINK-30985,24,4.814094600662935
289,32,STARLINK-30985,24,19.59482934242193
289,33,STARLINK-30985,24,13.638543499421896
289,34,STARLINK-30985,24,10.506109561531781
289,35,STARLINK-34575,17,0.05260927996428662
280,25,STARLINK-34725,10,0.0006278820573058049
280,26,STARLINK-34725,10,0.0013955620079165825
280,27,STARLINK-4279,15,10.407036220665876
280,28,STARLINK-4279,15,31.604120522399434
280,29,STARLINK-4279,15,37.70048565720585
280,30,STARLINK-4279,15,15.277353664062922
280,31,STARLINK-5176,2,117.92525992090117
280,32,STARLINK-5176,2,24.176610448895214
280,33,STARLINK-5176,2,92.83158001068753
280,34,STARLINK-5176,2,85.93598202449998
280,35,STARLINK-34575,20,0.01612984452691071
188,25,STARLINK-5311,22,16.51358883243408
188,27,STARLINK-4279,20,12.814302238245983
188,28,STARLINK-4279,20,35.9670135988997
188,29,STARLINK-4279,20,33.334850556481605
188,30,STARLINK-33558,8,60.486880547056884
188,31,STARLINK-33558,8,146.6645527987249
188,32,STARLINK-33558,8,90.32256994246417
188,33,STARLINK-30984,24,7.6702564543990395
188,34,STARLINK-30984,24,24.325042629905983
188,35,STARLINK-30984,24,15.383100882883763
91,27,STARLINK-30552,17,16.430769961322632
91,28,STARLINK-31380,17,19.127824905468994
91,29,STARLINK-31380,17,10.468573243580547
91,30,STARLINK-31380,17,11.046581474853475
91,31,STARLINK-5176,3,53.217510351380234
91,32,STARLINK-5176,3,10.367577309685254
91,33,STARLINK-5176,3,24.7995928265912
91,34,STARLINK-30984,9,72.52105617219944
91,35,STARLINK-30984,9,74.79096092735496
91,36,STARLINK-30984,9,153.54525010252695
91,37,STARLINK-34078,13,353.1212882567589
99,27,STARLINK-34690,8,0.001047350450764707
99,28,STARLINK-31380,21,20.309633690364453
99,29,STARLINK-31380,21,4.716662304903155
99,30,STARLINK-31380,21,6.002709534206106
99,31,STARLINK-31380,21,49.91237369928114
99,32,STARLINK-30985,21,23.50655862944165
99,33,STARLINK-30985,21,14.15711969226683
99,34,STARLINK-30985,21,18.217957258956844
99,35,STARLINK-30985,21,17.24072023892407
99,36,STARLINK-3557,4,173.19428755216538
99,37,STARLINK-3557,4,135.6691860424898
99,38,STARLINK-3557,4,74.67618940781232
99,39,STARLINK-3557,4,188.35652233676186
98,27,STARLINK-34690,15,0.0005200937938755798
98,28,STARLINK-32191,23,28.16249297227513
98,29,STARLINK-32191,23,9.804790919001814
98,30,STARLINK-32191,23,72.94851952351625
98,31,STARLINK-32191,23,19.787746018032063
98,32,STARLINK-33856,9,31.956077923273206
98,33,STARLINK-33856,9,24.973981829882383
98,34,STARLINK-33856,9,72.9667373894427
98,35,STARLINK-33856,9,90.10426583832293
98,36,STARLINK-34078,2,116.14762130243302
98,37,STARLINK-34078,2,353.1182802592335
98,38,STARLINK-34078,2,118.48980774136169
97,27,STARLINK-33846,0,53.75994531060753
97,28,STARLINK-31380,8,46.708172097208646
97,29,STARLINK-31380,8,9.92165352070686
97,30,STARLINK-31380,8,15.537115688578442
97,31,STARLINK-5176,7,29.15674063488593
97,32,STARLINK-5176,7,19.79340095070931
97,33,STARLINK-5176,7,92.82885583508396
97,34,STARLINK-33856,16,238.06736191245682
97,35,STARLINK-33856,16,136.40761144045283
97,36,STARLINK-33856,16,87.70453110342538
97,37,STARLINK-34078,6,228.98215959629448
97,38,STARLINK-34078,6,76.37136354241497
97,39,STARLINK-34078,6,90.97665124614336
96,27,STARLINK-30552,15,7.446891997924182
96,28,STARLINK-31380,15,19.224001813592274
96,29,STARLINK-31380,15,4.300099786078854
96,30,STARLINK-31380,15,3.991732959682066
96,31,STARLINK-30991,13,34.84009598866163
96,32,STARLINK-30991,13,15.65304054959842
96,33,STARLINK-30991,13,21.845021300976914
96,34,STARLINK-30984,20,43.82225387304766
96,35,STARLINK-30984,20,28.44296430488346
96,36,STARLINK-30984,20,96.19951587359112
96,37,STARLINK-3557,22,11.530022337426985
95,27,STARLINK-4279,5,9.11470495585824
95,28,STARLINK-4279,5,15.292390084036853
95,29,STARLINK-4279,5,19.79547562654414
95,30,STARLINK-5176,10,9.424610065619326
95,31,STARLINK-5176,10,29.196215603450568
95,32,STARLINK-5176,10,18.041522923827248
95,33,STARLINK-5176,10,10.846276490704525
95,34,STARLINK-5176,10,24.74045510327464
95,35,STARLINK-34078,24,51.48127739906699
95,36,STARLINK-34078,24,23.672998156084372
95,37,STARLINK-34078,24,209.2347823915325
95,38,STARLINK-34078,24,53.34331432480997
95,39,STARLINK-31339,4,100.72959353492193
94,27,STARLINK-31379,19,10.899853758940466
94,28,STARLINK-31379,19,5.3072846970058585
94,29,STARLINK-32009,23,24.040901380456997
94,30,STARLINK-32009,23,6.938085371694739
94,31,STARLINK-32009,23,19.932783271137396
94,32,STARLINK-32009,23,35.77987968225783
94,33,STARLINK-33856,22,8.399035013935897
94,34,STARLINK-33856,22,65.5207167719023
94,35,STARLINK-33856,22,23.578048490512735
94,36,STARLINK-33856,22,19.392982382687997
94,37,STARLINK-34078,21,353.1212882567589
94,38,STARLINK-34078,21,118.48980774136169
93,27,STARLINK-34690,6,0.0012674196610635731
93,28,STARLINK-32191,21,25.512373395050062
93,29,STARLINK-32191,21,4.237192501930825
93,30,STARLINK-32191,21,52.35991174387158
93,31,STARLINK-32191,21,5.901072564479628
93,32,STARLINK-5195,3,32.58027001699303
93,33,STARLINK-5195,3,9.870144223065138
93,34,STARLINK-5195,3,11.986963399002766
93,35,STARLINK-5195,3,31.812146410764086
93,36,STARLINK-3557,12,173.1955042703782
93,37,STARLINK-3557,12,135.66882952183929
93,38,STARLINK-3557,12,74.675724369579
90,27,STARLINK-34690,3,0.0141858387828684
90,28,STARLINK-32191,16,29.699414424450357
90,29,STARLINK-32191,16,6.671468703182261
90,30,STARLINK-32191,16,92.6734995466725
90,31,STARLINK-32191,16,10.878741302384984
90,32,STARLINK-33760,24,13.854796521951197
90,33,STARLINK-33760,24,4.085374331005327
90,34,STARLINK-33760,24,9.911982385332802
90,35,STARLINK-33760,24,24.37071550160853
90,36,STARLINK-3557,8,173.194937586795
90,37,STARLINK-3557,8,135.6691860424898
90,38,STARLINK-3557,8,74.67501151244656
90,39,STARLINK-3557,8,188.35652233676186
92,27,STARLINK-33846,10,49.42442493047666
92,28,STARLINK-2606,19,15.546858165507922
92,29,STARLINK-2606,19,19.488132289839665
92,30,STARLINK-2606,19,1.686257107845695
92,31,STARLINK-5176,21,17.230764023181965
92,32,STARLINK-5176,21,6.109073024686328
92,33,STARLINK-5176,21,7.775949892718022
92,34,STARLINK-30984,21,38.31679104675549
92,35,STARLINK-30984,21,9.252349334966148
92,36,STARLINK-30984,21,47.68700027305292
92,37,STARLINK-34078,5,353.1212882567589
108,28,STARLINK-2606,22,12.595580446065867
108,29,STARLINK-32009,9,14.942897083744098
108,30,STARLINK-32009,9,10.451566298658175
108,31,STARLINK-32009,9,12.762793705661919
108,32,STARLINK-5195,20,32.2928068111392
108,33,STARLINK-5195,20,12.720917054247879
108,34,STARLINK-5195,20,14.51695216778324
108,35,STARLINK-30984,6,9.608674503040888
108,36,STARLINK-30984,6,28.18024650132422
108,37,STARLINK-30984,6,13.669795575034005
108,38,STARLINK-31339,6,67.01818298101601
108,39,STARLINK-31339,6,56.63989315121963
100,28,STARLINK-3749,10,35.40662843049329
100,29,STARLINK-3749,10,10.432929092575682
100,30,STARLINK-3749,10,4.242320776809911
100,31,STARLINK-5195,19,3.909635958416653
100,32,STARLINK-5195,19,30.265017833149987
100,33,STARLINK-5195,19,3.956996423008269
100,34,STARLINK-5195,19,27.497382236518835
100,35,STARLINK-34078,4,86.45614189974091
100,36,STARLINK-34078,4,37.75880458439736
100,37,STARLINK-34078,4,228.98215959629448
100,38,STARLINK-34078,4,36.453485248220964
100,39,STARLINK-31339,8,100.72959353492193
101,28,STARLINK-3749,17,81.1442700232782
101,29,STARLINK-32009,17,23.916377885591416
101,30,STARLINK-32009,17,14.790950989284319
101,31,STARLINK-32009,17,15.258118463051254
101,32,STARLINK-33760,17,120.00203663792635
101,33,STARLINK-33760,17,144.50499162496965
101,34,STARLINK-33760,17,115.27911697232304
101,35,STARLINK-30984,22,8.292205404257707
101,36,STARLINK-30984,22,37.01809725036636
101,37,STARLINK-30984,22,13.669758317589551
101,38,STARLINK-31339,19,157.4905345130884
101,39,STARLINK-31339,19,241.80122684453872
102,28,STARLINK-31380,10,11.456852913240132
102,29,STARLINK-32009,19,10.359088744750897
102,30,STARLINK-32009,19,4.1672521502770286
102,31,STARLINK-32009,19,6.284319599360956
102,32,STARLINK-5195,1,28.22137579010455
102,33,STARLINK-5195,1,11.509522703199067
102,34,STARLINK-5195,1,25.95828014548139
102,35,STARLINK-34078,3,43.077770460612314
102,36,STARLINK-34078,3,21.853926656952833
102,37,STARLINK-34078,3,228.95160931858774
102,38,STARLINK-31339,22,47.311284075253525
102,39,STARLINK-31339,22,50.37779827880995
103,28,STARLINK-31380,13,40.424712402840186
103,29,STARLINK-31380,13,4.475130601197797
103,30,STARLINK-31380,13,4.323610439916557
103,31,STARLINK-5195,9,7.354564619407131
103,32,STARLINK-5195,9,29.192128388413604
103,33,STARLINK-5195,9,7.671498686345118
103,34,STARLINK-5195,9,11.542558176664544
103,35,STARLINK-5195,9,48.632192463905874
103,36,STARLINK-3557,24,36.5285882011723
103,37,STARLINK-3557,24,10.183571566282284
103,38,STARLINK-3557,24,19.877078257524463
103,39,STARLINK-3557,24,52.54788889618155
104,28,STARLINK-34676,2,0.024421917650942444
104,29,STARLINK-30300,21,13.263585236283383
104,30,STARLINK-30300,21,6.337152549996761
104,31,STARLINK-30300,21,10.10898243207843
104,32,STARLINK-30300,21,5.644265440766865
104,33,STARLINK-30300,21,88.49928801307968
104,34,STARLINK-30300,21,13.809844672343774
104,35,STARLINK-34078,19,95.5568353629203
104,36,STARLINK-34078,19,116.1327729139815
104,37,STARLINK-34078,19,353.1212882567589
104,38,STARLINK-34078,19,43.49998885594025
104,39,STARLINK-31339,2,241.80880713410335
105,28,STARLINK-31380,5,10.357719306953797
105,29,STARLINK-30300,12,19.745960955238637
105,30,STARLINK-30300,12,25.7673472190881
105,31,STARLINK-30300,12,75.46835219632416
105,32,STARLINK-33760,3,22.817571192392297
105,33,STARLINK-33760,3,12.362934466347205
105,34,STARLINK-33760,3,13.414500717000578
105,35,STARLINK-30984,15,11.04609047006711
105,36,STARLINK-30984,15,52.410267238940534
105,37,STARLINK-30984,15,158.89970025354827
105,38,STARLINK-34122,24,44.975808305241486
105,39,STARLINK-34122,24,10.529198619495554
106,28,STARLINK-2606,22,12.595580446065867
106,29,STARLINK-5287,13,86.89899534499793
106,30,STARLINK-5287,13,31.86404973847287
106,31,STARLINK-5287,13,14.826354919271791
106,32,STARLINK-5195,23,48.855963362985506
106,33,STARLINK-5195,23,15.070255601682168
106,34,STARLINK-5195,23,39.12269369443138
106,35,STARLINK-30984,3,9.608672299829836
106,36,STARLINK-30984,3,28.180252497453193
106,37,STARLINK-30984,3,13.669251415418076
106,38,STARLINK-34122,19,45.27099851382051
109,28,STARLINK-31380,1,27.26112402301871
109,29,STARLINK-32009,12,15.976514492792349
109,30,STARLINK-32009,12,17.64939188014698
109,31,STARLINK-32009,12,29.74679859280325
109,32,STARLINK-33760,11,31.030625733078654
109,33,STARLINK-33760,11,19.174552251310104
109,34,STARLINK-33760,11,38.00316733917296
109,35,STARLINK-30984,16,28.44648759986986
109,36,STARLINK-30984,16,96.19916464927425
109,37,STARLINK-30984,16,158.90278725600353
109,38,STARLINK-34122,16,152.17084823089135
109,39,STARLINK-34122,16,84.21849519082362
107,28,STARLINK-31380,8,41.55449683898228
107,29,STARLINK-32009,6,61.17393981188104
107,30,STARLINK-32009,6,146.45747331417968
107,31,STARLINK-32009,6,49.4163109298446
107,32,STARLINK-33760,1,26.04914309403361
107,33,STARLINK-33760,1,16.067740407482738
107,34,STARLINK-33760,1,38.00100855305474
107,35,STARLINK-30984,10,74.77194016146962
107,36,STARLINK-30984,10,153.54525010252695
107,37,STARLINK-30984,10,158.90088967229184
107,38,STARLINK-31339,13,157.48995924498698
