user_id,time,sat,channel,data_rate
80,4,STARLINK-5086,1,242.40721086031164
80,5,STARLINK-5086,1,242.40721086031164
81,4,STARLINK-5086,3,242.40721086031164
81,5,STARLINK-5086,3,242.40721086031164
82,4,STARLINK-5086,5,242.40721086031164
82,5,STARLINK-5086,5,242.40721086031164
83,4,STARLINK-5086,6,242.40721086031164
83,5,STARLINK-5086,6,242.40721086031164
84,4,STARLINK-5086,10,242.40721086031164
84,5,STARLINK-5086,10,242.40721086031164
85,4,STARLINK-34163,12,224.29371227179288
85,5,STARLINK-34163,12,224.29371227179288
86,4,STARLINK-34163,17,224.29371227179288
86,5,STARLINK-34163,17,224.29371227179288
87,4,STARLINK-34163,18,224.29371227179288
87,5,STARLINK-34163,18,224.29371227179288
88,4,STARLINK-34163,19,224.29371227179288
88,5,STARLINK-34163,19,224.29371227179288
89,4,STARLINK-34163,21,224.29371227179288
89,5,STARLINK-34163,21,224.29371227179288
80,6,STARLINK-4158,1,245.26433732702935
80,7,STARLINK-4158,1,245.26433732702935
81,6,STARLINK-4158,4,245.26433732702935
81,7,STARLINK-4158,4,245.26433732702935
82,6,STARLINK-4158,5,245.26433732702935
82,7,STARLINK-4158,5,245.26433732702935
83,6,STARLINK-4158,8,245.26433732702935
83,7,STARLINK-4158,8,245.26433732702935
84,6,STARLINK-4158,9,245.26433732702935
84,7,STARLINK-4158,9,245.26433732702935
85,6,STARLINK-34163,10,215.8363270571883
86,6,STARLINK-34163,14,215.8363270571883
87,6,STARLINK-34163,15,215.8363270571883
88,6,STARLINK-34163,19,215.8363270571883
89,6,STARLINK-34163,20,215.8363270571883
85,7,STARLINK-32001,3,230.0237213268957
85,8,STARLINK-32001,3,230.0237213268957
86,7,STARLINK-32001,13,230.0237213268957
86,8,STARLINK-32001,13,230.0237213268957
87,7,STARLINK-32001,14,230.0237213268957
87,8,STARLINK-32001,14,230.0237213268957
88,7,STARLINK-34163,18,220.06663698522055
89,7,STARLINK-34163,19,220.06663698522055
80,8,STARLINK-4158,10,227.64999896762046
81,8,STARLINK-4158,18,227.64999896762046
82,8,STARLINK-4158,20,227.64999896762046
83,8,STARLINK-4158,22,227.64999896762046
84,8,STARLINK-33873,23,213.82524105433816
84,9,STARLINK-33873,23,213.82524105433816
88,8,STARLINK-33873,1,213.825114165166
88,9,STARLINK-33873,1,213.825114165166
89,8,STARLINK-33873,5,213.82511413659694
89,9,STARLINK-33873,5,213.82511413659694
80,9,STARLINK-34160,0,187.7518412892336
80,10,STARLINK-34160,0,187.7518412892336
81,9,STARLINK-34160,3,187.7518412892336
81,10,STARLINK-34160,3,187.7518412892336
82,9,STARLINK-34160,7,187.7518412892336
82,10,STARLINK-34160,7,187.7518412892336
83,9,STARLINK-34160,13,187.7518412892336
83,10,STARLINK-34160,13,187.7518412892336
85,9,STARLINK-34160,14,187.7518412892336
85,10,STARLINK-34160,14,187.7518412892336
86,9,STARLINK-34160,15,187.7518412892336
86,10,STARLINK-34160,15,187.7518412892336
87,9,STARLINK-34160,18,187.7518412892336
87,10,STARLINK-34160,18,187.7518412892336
84,10,STARLINK-34160,1,179.2182634904105
84,11,STARLINK-34160,1,179.2182634904105
88,10,STARLINK-34160,4,179.2182634904105
88,11,STARLINK-34160,4,179.2182634904105
89,10,STARLINK-34165,6,104.13570829717838
89,11,STARLINK-34165,6,104.13570829717838
80,11,STARLINK-34160,7,156.20554618628245
81,11,STARLINK-34160,8,156.20554618628245
82,11,STARLINK-34160,11,156.20554618628245
83,11,STARLINK-34160,12,156.20554618628245
85,11,STARLINK-34160,13,156.20554618628245
86,11,STARLINK-34160,14,156.20554618628245
87,11,STARLINK-34160,17,156.20554618628245
80,12,STARLINK-31678,0,278.9044845508116
80,13,STARLINK-31678,0,278.9044845508116
81,12,STARLINK-31678,1,278.9044845508116
81,13,STARLINK-31678,1,278.9044845508116
82,12,STARLINK-31678,3,278.9044845508116
82,13,STARLINK-31678,3,278.9044845508116
83,12,STARLINK-31678,7,278.9044845508116
83,13,STARLINK-31678,7,278.9044845508116
84,12,STARLINK-31678,9,278.9044845508116
84,13,STARLINK-31678,9,278.9044845508116
85,12,STARLINK-31678,10,278.9044845508116
85,13,STARLINK-31678,10,278.9044845508116
86,12,STARLINK-31678,11,278.9044845508116
86,13,STARLINK-31678,11,278.9044845508116
87,12,STARLINK-31678,18,278.9044845508116
87,13,STARLINK-31678,18,278.9044845508116
88,12,STARLINK-31678,20,278.9044845508116
88,13,STARLINK-31678,20,278.9044845508116
89,12,STARLINK-31678,23,278.9044845508116
89,13,STARLINK-31678,23,278.9044845508116
80,14,STARLINK-33717,1,184.26640003721067
80,15,STARLINK-33717,1,184.26640003721067
81,14,STARLINK-33717,2,184.26640003721067
81,15,STARLINK-33717,2,184.26640003721067
82,14,STARLINK-33717,4,184.26640003721067
83,14,STARLINK-33717,6,184.26640003721067
84,14,STARLINK-33717,7,184.26640003721067
85,14,STARLINK-30906,8,172.3886099563213
85,15,STARLINK-30906,8,172.3886099563213
86,14,STARLINK-30906,9,172.3886099563213
86,15,STARLINK-30906,9,172.3886099563213
87,14,STARLINK-30906,11,172.3886099563213
87,15,STARLINK-30906,11,172.3886099563213
88,14,STARLINK-30906,13,172.3886099563213
89,14,STARLINK-30906,16,172.3886099563213
89,15,STARLINK-30906,16,172.3886099563213
81,16,STARLINK-30906,0,269.03490683636016
86,16,STARLINK-30906,1,269.03490683636016
40,5,STARLINK-31353,24,218.34652028905597
40,6,STARLINK-31353,24,218.34652028905597
41,5,STARLINK-31353,23,218.30470617772036
41,6,STARLINK-31353,23,218.30470617772036
42,5,STARLINK-5086,24,196.49593542695874
42,6,STARLINK-5086,24,196.49593542695874
43,5,STARLINK-5086,23,196.45566918144857
43,6,STARLINK-5086,23,196.45566918144857
44,5,STARLINK-31910,24,150.5563560906694
44,6,STARLINK-31910,24,150.5563560906694
45,5,STARLINK-31353,15,132.22274122048807
45,6,STARLINK-31353,15,132.22274122048807
46,5,STARLINK-31353,17,132.22274122048807
46,6,STARLINK-31353,17,132.22274122048807
47,5,STARLINK-31353,19,132.22267185215978
47,6,STARLINK-31353,19,132.22267185215978
48,5,STARLINK-31353,21,132.21647377189552
48,6,STARLINK-31353,21,132.21647377189552
49,5,STARLINK-31353,11,117.78641766403584
49,6,STARLINK-31353,11,117.78641766403584
40,7,STARLINK-5860,11,209.2384799348419
40,8,STARLINK-5860,11,209.2384799348419
41,7,STARLINK-5860,21,209.23857285806278
41,8,STARLINK-5860,21,209.23857285806278
42,7,STARLINK-5860,12,209.2382857963348
42,8,STARLINK-5860,12,209.2382857963348
43,7,STARLINK-5860,15,209.2382857963348
43,8,STARLINK-5860,15,209.2382857963348
44,7,STARLINK-34163,21,220.06663698522055
44,8,STARLINK-34163,21,220.06663698522055
45,7,STARLINK-32001,2,127.08775538057591
45,8,STARLINK-32001,2,127.08775538057591
46,7,STARLINK-32001,24,127.08775537808421
46,8,STARLINK-32001,24,127.08775537808421
47,7,STARLINK-34163,2,119.46919814614151
47,8,STARLINK-34163,2,119.46919814614151
48,7,STARLINK-34163,24,119.46919814373454
48,8,STARLINK-34163,24,119.46919814373454
49,7,STARLINK-34165,2,99.79239019746568
49,8,STARLINK-34165,2,99.79239019746568
40,9,STARLINK-34165,19,117.16195305550916
40,10,STARLINK-34165,19,117.16195305550916
41,9,STARLINK-34165,20,117.16195305550916
41,10,STARLINK-34165,20,117.16195305550916
42,9,STARLINK-34165,9,117.16092950557854
42,10,STARLINK-34165,9,117.16092950557854
43,9,STARLINK-34165,21,117.12240988281053
43,10,STARLINK-34165,21,117.12240988281053
44,9,STARLINK-34165,10,117.15726453752488
44,10,STARLINK-34165,10,117.15726453752488
45,9,STARLINK-33918,19,57.19431773443648
45,10,STARLINK-33918,19,57.19431773443648
46,9,STARLINK-33918,20,57.19431773443648
46,10,STARLINK-33918,20,57.19431773443648
47,9,STARLINK-33918,9,57.194090443484264
47,10,STARLINK-33918,9,57.194090443484264
48,9,STARLINK-33918,10,57.193276575268314
48,10,STARLINK-33918,10,57.193276575268314
49,9,STARLINK-33918,21,57.185534930309736
49,10,STARLINK-33918,21,57.185534930309736
40,11,STARLINK-34165,18,131.05845646596333
41,11,STARLINK-34165,19,131.05845646596333
42,11,STARLINK-34165,20,131.05845646596333
43,11,STARLINK-34165,21,131.05845646596333
44,11,STARLINK-34165,24,131.05845646596333
45,11,STARLINK-34160,10,156.19943374129173
45,12,STARLINK-34160,10,156.19943374129173
46,11,STARLINK-34160,23,156.19923782186615
46,12,STARLINK-34160,23,156.19923782186615
47,11,STARLINK-34160,3,156.2053690531053
47,12,STARLINK-34160,3,156.2053690531053
48,11,STARLINK-34160,0,156.20525389389223
48,12,STARLINK-34160,0,156.20525389389223
49,11,STARLINK-34160,9,156.20386984498458
49,12,STARLINK-34160,9,156.20386984498458
40,12,STARLINK-31678,4,278.9042105241178
40,13,STARLINK-31678,4,278.9042105241178
41,12,STARLINK-31678,8,278.9042105241178
41,13,STARLINK-31678,8,278.9042105241178
42,12,STARLINK-31678,24,278.9044845508116
42,13,STARLINK-31678,24,278.9044845508116
43,12,STARLINK-31678,13,278.9033566307712
43,13,STARLINK-31678,13,278.9033566307712
44,12,STARLINK-31678,6,278.90282441935017
44,13,STARLINK-31678,6,278.90282441935017
45,13,STARLINK-31744,19,171.21336583456807
45,14,STARLINK-31744,19,171.21336583456807
46,13,STARLINK-31744,21,171.21336583456807
46,14,STARLINK-31744,21,171.21336583456807
47,13,STARLINK-31744,12,171.21198958145797
47,14,STARLINK-31744,12,171.21198958145797
48,13,STARLINK-31744,14,171.19275329742396
48,14,STARLINK-31744,14,171.19275329742396
49,13,STARLINK-31744,16,171.19275329742396
49,14,STARLINK-31744,16,171.19275329742396
40,14,STARLINK-32190,18,179.67593968068607
40,15,STARLINK-32190,18,179.67593968068607
41,14,STARLINK-32190,20,179.67593968068607
41,15,STARLINK-32190,20,179.67593968068607
42,14,STARLINK-32190,22,179.67593968068607
42,15,STARLINK-32190,22,179.67593968068607
43,14,STARLINK-33717,24,184.26640003721067
43,15,STARLINK-33717,24,184.26640003721067
44,14,STARLINK-33717,15,184.26632476490835
44,15,STARLINK-33717,15,184.26632476490835
45,15,STARLINK-33717,3,194.1708778534861
45,16,STARLINK-33717,3,194.1708778534861
46,15,STARLINK-33717,6,194.1708778534861
46,16,STARLINK-33717,6,194.1708778534861
47,15,STARLINK-33717,7,194.1708778534861
48,15,STARLINK-33717,12,194.1708778534861
48,16,STARLINK-33717,12,194.1708778534861
49,15,STARLINK-33717,13,194.1708778534861
40,16,STARLINK-30906,2,269.03490683636016
41,16,STARLINK-30906,7,269.03490683636016
43,16,STARLINK-31457,10,223.95027728322813
43,17,STARLINK-31457,10,223.95027728322813
44,16,STARLINK-31457,11,223.95027728322813
44,17,STARLINK-31457,11,223.95027728322813
45,17,STARLINK-31771,1,221.95086259271693
110,6,STARLINK-30955,7,97.42052665349948
110,7,STARLINK-30955,7,97.42052665349948
111,6,STARLINK-30955,13,97.42039339613156
111,7,STARLINK-30955,13,97.42039339613156
112,6,STARLINK-30955,17,95.67228718496249
112,7,STARLINK-30955,17,95.67228718496249
113,6,STARLINK-5860,7,89.28365569037095
113,7,STARLINK-5860,7,89.28365569037095
114,6,STARLINK-5860,13,89.28352977458589
114,7,STARLINK-5860,13,89.28352977458589
115,6,STARLINK-4158,3,100.506810494418
115,7,STARLINK-4158,3,100.506810494418
116,6,STARLINK-30955,3,76.0271722176543
116,7,STARLINK-30955,3,76.0271722176543
117,6,STARLINK-30955,23,64.80587904086434
117,7,STARLINK-30955,23,64.80587904086434
118,6,STARLINK-5860,3,69.17802856288324
118,7,STARLINK-5860,3,69.17802856288324
119,6,STARLINK-34163,3,81.93993037827799
119,7,STARLINK-34163,3,81.93993037827799
110,8,STARLINK-33873,0,213.82497998105168
110,9,STARLINK-33873,0,213.82497998105168
111,8,STARLINK-33873,8,213.8247718899245
111,9,STARLINK-33873,8,213.8247718899245
112,8,STARLINK-4158,8,227.64951995288575
112,9,STARLINK-4158,8,227.64951995288575
113,8,STARLINK-4158,0,227.6497324129862
113,9,STARLINK-4158,0,227.6497324129862
114,8,STARLINK-33873,4,213.80387189260892
114,9,STARLINK-33873,4,213.80387189260892
115,8,STARLINK-4158,11,127.78851794816259
116,8,STARLINK-4158,15,127.78535130951455
116,9,STARLINK-4158,15,127.78535130951455
117,8,STARLINK-4158,12,127.77782466423726
117,9,STARLINK-4158,12,127.77782466423726
118,8,STARLINK-33873,11,117.1831529290743
118,9,STARLINK-33873,11,117.1831529290743
119,8,STARLINK-33873,15,117.18013672820308
119,9,STARLINK-33873,15,117.18013672820308
115,9,STARLINK-4158,2,84.09672786838586
110,10,STARLINK-34160,2,89.55684772254442
110,11,STARLINK-34160,2,89.55684772254442
111,10,STARLINK-34165,2,43.77909190626182
111,11,STARLINK-34165,2,43.77909190626182
112,10,STARLINK-34160,16,179.20543583857324
112,11,STARLINK-34160,16,179.20543583857324
113,10,STARLINK-34160,6,106.25765402791035
113,11,STARLINK-34160,6,106.25765402791035
114,10,STARLINK-34165,16,104.12603740033924
114,11,STARLINK-34165,16,104.12603740033924
115,10,STARLINK-34165,0,31.175098834678245
115,11,STARLINK-34165,0,31.175098834678245
116,10,STARLINK-34165,1,31.175098834678245
116,11,STARLINK-34165,1,31.175098834678245
117,10,STARLINK-34165,4,31.175098834678245
117,11,STARLINK-34165,4,31.175098834678245
118,10,STARLINK-34165,5,31.175098834678245
118,11,STARLINK-34165,5,31.175098834678245
119,10,STARLINK-34165,7,31.175098834678245
119,11,STARLINK-34165,7,31.175098834678245
110,12,STARLINK-31678,12,278.8971712894024
110,13,STARLINK-31678,12,278.8971712894024
111,12,STARLINK-31678,19,278.90066371793574
111,13,STARLINK-31678,19,278.90066371793574
112,12,STARLINK-31678,21,278.88932245789687
112,13,STARLINK-31678,21,278.88932245789687
113,12,STARLINK-31678,14,278.8562485622574
113,13,STARLINK-31678,14,278.8562485622574
114,12,STARLINK-31678,16,278.7725188797234
114,13,STARLINK-31678,16,278.7725188797234
115,12,STARLINK-34160,17,85.95328819550488
115,13,STARLINK-34160,17,85.95328819550488
116,12,STARLINK-32190,2,79.99628562749218
116,13,STARLINK-32190,2,79.99628562749218
117,12,STARLINK-34160,2,133.25130523052832
117,13,STARLINK-34160,2,133.25130523052832
118,12,STARLINK-32190,15,79.99628562749218
118,13,STARLINK-32190,15,79.99628562749218
119,12,STARLINK-34160,15,133.25130523052832
119,13,STARLINK-34160,15,133.25130523052832
110,14,STARLINK-30906,10,172.38582541175438
110,15,STARLINK-30906,10,172.38582541175438
111,14,STARLINK-32190,10,179.67310579633525
111,15,STARLINK-32190,10,179.67310579633525
112,14,STARLINK-33717,10,184.2635366343535
112,15,STARLINK-33717,10,184.2635366343535
113,14,STARLINK-32190,23,179.64692487543462
113,15,STARLINK-32190,23,179.64692487543462
114,14,STARLINK-33717,23,184.2370829712559
114,15,STARLINK-33717,23,184.2370829712559
115,14,STARLINK-32190,19,95.23081318454483
115,15,STARLINK-32190,19,95.23081318454483
116,14,STARLINK-32190,21,95.23081318454483
117,14,STARLINK-32190,14,95.23074672224551
117,15,STARLINK-32190,14,95.23074672224551
118,14,STARLINK-30906,21,90.09062638648048
118,15,STARLINK-30906,21,90.09062638648048
119,14,STARLINK-30906,19,90.09062638648048
119,15,STARLINK-30906,19,90.09062638648048
116,15,STARLINK-31457,4,147.98752450436925
116,16,STARLINK-31457,4,147.98752450436925
110,16,STARLINK-30906,14,269.03490683636016
111,16,STARLINK-6116,14,212.85040892442328
111,17,STARLINK-6116,14,212.85040892442328
112,16,STARLINK-30906,16,269.03490683636016
113,16,STARLINK-30906,20,269.03490683636016
114,16,STARLINK-30906,21,269.03490683636016
115,16,STARLINK-6116,23,212.85040892442328
115,17,STARLINK-6116,23,212.85040892442328
117,16,STARLINK-6116,18,212.85026364782027
118,16,STARLINK-6116,8,212.8497774327002
118,17,STARLINK-6116,8,212.8497774327002
119,16,STARLINK-6116,24,212.83885509461413
119,17,STARLINK-6116,24,212.83885509461413
110,17,STARLINK-31771,16,221.95086259271693
110,18,STARLINK-31771,16,221.95086259271693
116,17,STARLINK-31771,18,221.95086259271693
116,18,STARLINK-31771,18,221.95086259271693
115,18,STARLINK-5158,0,344.0923239285894
119,18,STARLINK-5158,1,344.0923239285894
90,8,STARLINK-33873,13,92.89964428614314
90,9,STARLINK-33873,13,92.89964428614314
91,8,STARLINK-33873,3,92.8996251477174
91,9,STARLINK-33873,3,92.8996251477174
92,8,STARLINK-33873,14,92.89964428614314
92,9,STARLINK-33873,14,92.89964428614314
93,8,STARLINK-4158,13,102.14907262792039
93,9,STARLINK-4158,13,102.14907262792039
94,8,STARLINK-4158,14,102.14907262792039
94,9,STARLINK-4158,14,102.14907262792039
95,8,STARLINK-33918,17,52.761621616361765
95,9,STARLINK-33918,17,52.761621616361765
96,8,STARLINK-33918,7,47.99975613170268
96,9,STARLINK-33918,7,47.99975613170268
97,8,STARLINK-33918,23,52.761621616361765
97,9,STARLINK-33918,23,52.761621616361765
98,8,STARLINK-33918,22,47.87936051393425
98,9,STARLINK-33918,22,47.87936051393425
99,8,STARLINK-4158,17,78.28091053927555
99,9,STARLINK-4158,17,78.28091053927555
90,10,STARLINK-34165,8,31.175098834678245
90,11,STARLINK-34165,8,31.175098834678245
91,10,STARLINK-34165,14,31.175098834678245
91,11,STARLINK-34165,14,31.175098834678245
92,10,STARLINK-34165,17,31.175098834678245
92,11,STARLINK-34165,17,31.175098834678245
93,10,STARLINK-34165,23,31.175098834678245
93,11,STARLINK-34165,23,31.175098834678245
94,10,STARLINK-34165,11,31.175084131147173
94,11,STARLINK-34165,11,31.175084131147173
95,10,STARLINK-33918,13,43.726432417309034
96,10,STARLINK-33918,15,43.726043285477864
97,10,STARLINK-33918,12,43.725365871466714
98,10,STARLINK-33918,3,43.72289315180897
99,10,STARLINK-34160,19,67.99885255932095
99,11,STARLINK-34160,19,67.99885255932095
95,11,STARLINK-34160,18,75.4201526504526
95,12,STARLINK-34160,18,75.4201526504526
96,11,STARLINK-34160,20,75.4201526504526
96,12,STARLINK-34160,20,75.4201526504526
97,11,STARLINK-34160,21,75.4201526504526
97,12,STARLINK-34160,21,75.4201526504526
98,11,STARLINK-34160,24,75.4201526504526
98,12,STARLINK-34160,24,75.4201526504526
90,12,STARLINK-31678,22,140.5421033459641
90,13,STARLINK-31678,22,140.5421033459641
91,12,STARLINK-31678,17,140.55720897398513
91,13,STARLINK-31678,17,140.55720897398513
92,12,STARLINK-31678,2,139.86611969250006
92,13,STARLINK-31678,2,139.86611969250006
93,12,STARLINK-34160,1,21.135884389427364
93,13,STARLINK-34160,1,21.135884389427364
94,12,STARLINK-34160,7,21.135884389427364
94,13,STARLINK-34160,7,21.135884389427364
99,12,STARLINK-34160,11,21.135884389427364
95,13,STARLINK-31744,0,78.45257020674407
95,14,STARLINK-31744,0,78.45257020674407
96,13,STARLINK-31744,3,78.45257020674407
96,14,STARLINK-31744,3,78.45257020674407
97,13,STARLINK-31744,4,78.45257020674407
97,14,STARLINK-31744,4,78.45257020674407
98,13,STARLINK-31744,6,78.45257020674407
98,14,STARLINK-31744,6,78.45257020674407
99,13,STARLINK-31744,24,78.45257020674407
99,14,STARLINK-31744,24,78.45257020674407
90,14,STARLINK-32190,8,70.41538208556015
90,15,STARLINK-32190,8,70.41538208556015
91,14,STARLINK-32190,9,70.41538208556015
91,15,STARLINK-32190,9,70.41538208556015
92,14,STARLINK-32190,11,70.41538208556015
92,15,STARLINK-32190,11,70.41538208556015
93,14,STARLINK-33717,17,69.73233320446718
93,15,STARLINK-33717,17,69.73233320446718
94,14,STARLINK-33717,18,69.73233320446718
94,15,STARLINK-33717,18,69.73233320446718
95,15,STARLINK-31457,22,99.85043882861461
95,16,STARLINK-31457,22,99.85043882861461
96,15,STARLINK-31457,5,96.68463278017192
96,16,STARLINK-31457,5,96.68463278017192
97,15,STARLINK-33717,22,138.21143538952106
97,16,STARLINK-33717,22,138.21143538952106
98,15,STARLINK-31457,0,70.73830899244543
98,16,STARLINK-31457,0,70.73830899244543
99,15,STARLINK-31457,16,70.73830899244543
99,16,STARLINK-31457,16,70.73830899244543
90,16,STARLINK-33717,15,198.8441635866317
90,17,STARLINK-33717,15,198.8441635866317
91,16,STARLINK-6116,15,212.83651654587334
91,17,STARLINK-6116,15,212.83651654587334
92,16,STARLINK-33717,13,198.8377073752875
92,17,STARLINK-33717,13,198.8377073752875
93,16,STARLINK-6116,19,108.5577610645416
93,17,STARLINK-6116,19,108.5577610645416
94,16,STARLINK-31771,19,86.89493860163583
94,17,STARLINK-31771,19,86.89493860163583
95,17,STARLINK-31771,20,221.95086259271693
95,18,STARLINK-31771,20,221.95086259271693
96,17,STARLINK-31771,2,221.95086211904646
96,18,STARLINK-31771,2,221.95086211904646
97,17,STARLINK-33717,20,205.49980626374378
98,17,STARLINK-31771,0,221.95036850483805
98,18,STARLINK-31771,0,221.95036850483805
99,17,STARLINK-31771,7,221.9494808167661
99,18,STARLINK-31771,7,221.9494808167661
90,18,STARLINK-5158,6,344.0923239285894
91,18,STARLINK-5158,10,344.0923239285894
91,19,STARLINK-5158,10,344.0923239285894
92,18,STARLINK-5158,13,344.0923239285894
92,19,STARLINK-5158,13,344.0923239285894
93,18,STARLINK-5158,15,344.092060256548
94,18,STARLINK-5158,21,344.0923239285894
94,19,STARLINK-5158,21,344.0923239285894
97,18,STARLINK-5158,8,344.0878171050413
97,19,STARLINK-5158,8,344.0878171050413
95,19,STARLINK-3752,0,278.0020917109305
95,20,STARLINK-3752,0,278.0020917109305
96,19,STARLINK-3752,1,278.0020917109305
96,20,STARLINK-3752,1,278.0020917109305
98,19,STARLINK-5078,2,274.4703859869645
98,20,STARLINK-5078,2,274.4703859869645
99,19,STARLINK-5078,6,274.4703859869645
99,20,STARLINK-5078,6,274.4703859869645
130,9,STARLINK-33918,18,26.53829488346761
130,10,STARLINK-33918,18,26.53829488346761
131,9,STARLINK-33918,6,19.132645787776827
131,10,STARLINK-33918,6,19.132645787776827
132,9,STARLINK-33918,16,19.132645787776827
132,10,STARLINK-33918,16,19.132645787776827
133,9,STARLINK-33918,1,12.257572606027246
133,10,STARLINK-33918,1,12.257572606027246
134,9,STARLINK-34165,22,26.36363840981855
134,10,STARLINK-34165,22,26.36363840981855
135,9,STARLINK-33918,11,12.257561910724444
135,10,STARLINK-33918,11,12.257561910724444
136,9,STARLINK-33918,5,12.257572606027246
136,10,STARLINK-33918,5,12.257572606027246
137,9,STARLINK-34165,12,19.010779920633194
137,10,STARLINK-34165,12,19.010779920633194
138,9,STARLINK-33918,4,12.257176939613998
138,10,STARLINK-33918,4,12.257176939613998
139,9,STARLINK-33918,0,10.40226873087271
139,10,STARLINK-33918,0,10.40226873087271
130,11,STARLINK-4028,12,0.3853545824329398
130,12,STARLINK-4028,12,0.3853545824329398
131,11,STARLINK-4028,13,0.3853545824329398
131,12,STARLINK-4028,13,0.3853545824329398
132,11,STARLINK-4028,3,0.3853543767520901
132,12,STARLINK-4028,3,0.3853543767520901
133,11,STARLINK-4028,9,0.3853526359114927
133,12,STARLINK-4028,9,0.3853526359114927
134,11,STARLINK-34165,12,50.273062930133456
135,11,STARLINK-4028,10,0.3853474846932527
135,12,STARLINK-4028,10,0.3853474846932527
136,11,STARLINK-4028,22,0.38521954602313224
136,12,STARLINK-4028,22,0.38521954602313224
137,11,STARLINK-34165,10,50.272311024408644
138,11,STARLINK-4028,6,0.24942795925281833
138,12,STARLINK-4028,6,0.24942795925281833
139,11,STARLINK-4028,7,0.24942795925281833
139,12,STARLINK-4028,7,0.24942795925281833
134,12,STARLINK-34160,4,21.135879896810877
134,13,STARLINK-34160,4,21.135879896810877
137,12,STARLINK-34160,16,21.13371958181913
137,13,STARLINK-34160,16,21.13371958181913
130,13,STARLINK-31744,13,78.45199880855753
130,14,STARLINK-31744,13,78.45199880855753
131,13,STARLINK-31744,15,67.01797481710209
131,14,STARLINK-31744,15,67.01797481710209
132,13,STARLINK-31744,10,58.996292468091845
132,14,STARLINK-31744,10,58.996292468091845
133,13,STARLINK-31744,18,58.996292468091845
133,14,STARLINK-31744,18,58.996292468091845
135,13,STARLINK-31744,20,58.996292468091845
135,14,STARLINK-31744,20,58.996292468091845
136,13,STARLINK-31744,23,58.996292468091845
136,14,STARLINK-31744,23,58.996292468091845
138,13,STARLINK-31744,8,58.99601423629493
138,14,STARLINK-31744,8,58.99601423629493
139,13,STARLINK-31744,11,58.99622947472087
139,14,STARLINK-31744,11,58.99622947472087
134,14,STARLINK-30906,5,63.128024876348015
134,15,STARLINK-30906,5,63.128024876348015
137,14,STARLINK-32190,16,53.333316193456625
137,15,STARLINK-32190,16,53.333316193456625
130,15,STARLINK-31457,21,70.73830899244543
130,16,STARLINK-31457,21,70.73830899244543
131,15,STARLINK-31457,8,58.182699199298575
131,16,STARLINK-31457,8,58.182699199298575
132,15,STARLINK-31457,14,58.182699199298575
132,16,STARLINK-31457,14,58.182699199298575
133,15,STARLINK-33717,21,102.08194676691937
133,16,STARLINK-33717,21,102.08194676691937
135,15,STARLINK-33717,4,91.76443291223516
135,16,STARLINK-33717,4,91.76443291223516
136,15,STARLINK-31457,19,58.182699199298575
136,16,STARLINK-31457,19,58.182699199298575
138,15,STARLINK-33717,19,85.73511488648201
138,16,STARLINK-33717,19,85.73511488648201
139,15,STARLINK-33717,0,65.91613239670869
139,16,STARLINK-33717,0,65.91613239670869
134,16,STARLINK-30906,3,112.83991818813871
137,16,STARLINK-6116,6,77.09908793802197
137,17,STARLINK-6116,6,77.09908793802197
130,17,STARLINK-5950,21,164.69231134984636
130,18,STARLINK-5950,21,164.69231134984636
131,17,STARLINK-5950,4,164.69231092835852
131,18,STARLINK-5950,4,164.69231092835852
132,17,STARLINK-5950,12,164.68987795105838
132,18,STARLINK-5950,12,164.68987795105838
133,17,STARLINK-33717,21,205.47655274697493
134,17,STARLINK-31771,21,221.9269827897882
134,18,STARLINK-31771,21,221.9269827897882
135,17,STARLINK-33717,3,196.72028658257057
136,17,STARLINK-31771,3,212.92542202080088
136,18,STARLINK-31771,3,212.92542202080088
138,17,STARLINK-33717,5,195.91981301525038
139,17,STARLINK-31771,5,212.10155476155364
139,18,STARLINK-31771,5,212.10155476155364
133,18,STARLINK-5158,23,341.63107738667446
133,19,STARLINK-5158,23,341.63107738667446
135,18,STARLINK-5158,11,344.0875274265925
135,19,STARLINK-5158,11,344.0875274265925
137,18,STARLINK-5158,17,282.14862833562603
137,19,STARLINK-5158,17,282.14862833562603
138,18,STARLINK-30069,17,169.6425660958141
138,19,STARLINK-30069,17,169.6425660958141
130,19,STARLINK-3752,7,278.0020917109305
130,20,STARLINK-3752,7,278.0020917109305
131,19,STARLINK-3752,15,278.0020917109305
132,19,STARLINK-3752,16,278.0020917109305
132,20,STARLINK-3752,16,278.0020917109305
134,19,STARLINK-5078,18,274.4703859869645
134,20,STARLINK-5078,18,274.4703859869645
136,19,STARLINK-5078,20,274.4703859869645
139,19,STARLINK-5078,12,274.46996380715444
133,20,STARLINK-30069,11,210.20571333797636
137,20,STARLINK-30069,13,210.20571333797636
138,20,STARLINK-5158,14,208.38406007554565
138,21,STARLINK-5158,14,208.38406007554565
132,21,STARLINK-31996,0,254.58203800893457
134,21,STARLINK-31996,1,254.58203800893457
50,10,STARLINK-34165,13,22.221042101127917
50,11,STARLINK-34165,13,22.221042101127917
51,10,STARLINK-34165,15,22.220894149960237
51,11,STARLINK-34165,15,22.220894149960237
52,10,STARLINK-34709,7,0.033664451255080614
52,11,STARLINK-34709,7,0.033664451255080614
53,10,STARLINK-34165,3,22.21969641751975
53,11,STARLINK-34165,3,22.21969641751975
54,10,STARLINK-34709,8,0.033664451255080614
54,11,STARLINK-34709,8,0.033664451255080614
55,10,STARLINK-34709,14,0.033664451255080614
55,11,STARLINK-34709,14,0.033664451255080614
56,10,STARLINK-34709,17,0.033664451255080614
56,11,STARLINK-34709,17,0.033664451255080614
57,10,STARLINK-34709,22,0.03366183734755935
57,11,STARLINK-34709,22,0.03366183734755935
58,10,STARLINK-34709,23,0.033664451255080614
58,11,STARLINK-34709,23,0.033664451255080614
59,10,STARLINK-34709,0,0.024908247186649433
59,11,STARLINK-34709,0,0.024908247186649433
50,12,STARLINK-34160,13,21.07285275417909
50,13,STARLINK-34160,13,21.07285275417909
51,12,STARLINK-31678,15,139.86611969250006
51,13,STARLINK-31678,15,139.86611969250006
52,12,STARLINK-34160,6,21.07284408067019
52,13,STARLINK-34160,6,21.07284408067019
53,12,STARLINK-34160,12,21.072751948470152
53,13,STARLINK-34160,12,21.072751948470152
54,12,STARLINK-34160,8,19.488981669034228
54,13,STARLINK-34160,8,19.488981669034228
55,12,STARLINK-32190,0,8.56353080532567
55,13,STARLINK-32190,0,8.56353080532567
56,12,STARLINK-32190,1,8.56353080532567
56,13,STARLINK-32190,1,8.56353080532567
57,12,STARLINK-32190,24,8.56353080532567
57,13,STARLINK-32190,24,8.56353080532567
58,12,STARLINK-32190,4,8.563529206698702
58,13,STARLINK-32190,4,8.563529206698702
59,12,STARLINK-32190,3,8.541100228419769
59,13,STARLINK-32190,3,8.541100228419769
50,14,STARLINK-32190,4,50.2863441702527
50,15,STARLINK-32190,4,50.2863441702527
51,14,STARLINK-32190,6,50.2863441702527
51,15,STARLINK-32190,6,50.2863441702527
52,14,STARLINK-32190,24,50.2863441702527
52,15,STARLINK-32190,24,50.2863441702527
53,14,STARLINK-32190,12,50.286339307187546
53,15,STARLINK-32190,12,50.286339307187546
54,14,STARLINK-32190,15,50.286339307187546
54,15,STARLINK-32190,15,50.286339307187546
55,14,STARLINK-30906,17,38.65798505602059
55,15,STARLINK-30906,17,38.65798505602059
56,14,STARLINK-30906,22,38.65798505602059
56,15,STARLINK-30906,22,38.65798505602059
57,14,STARLINK-30906,4,32.549339832954956
57,15,STARLINK-30906,4,32.549339832954956
58,14,STARLINK-30906,6,32.549339832954956
58,15,STARLINK-30906,6,32.549339832954956
59,14,STARLINK-30906,18,32.549339832954956
59,15,STARLINK-30906,18,32.549339832954956
50,16,STARLINK-6116,9,65.55106713207192
50,17,STARLINK-6116,9,65.55106713207192
51,16,STARLINK-6116,13,77.09699381617702
51,17,STARLINK-6116,13,77.09699381617702
52,16,STARLINK-6116,10,65.55106713207192
52,17,STARLINK-6116,10,65.55106713207192
53,16,STARLINK-6116,11,65.55106713207192
53,17,STARLINK-6116,11,65.55106713207192
54,16,STARLINK-6116,17,65.55106713207192
54,17,STARLINK-6116,17,65.55106713207192
55,16,STARLINK-30906,23,104.31196107992959
56,16,STARLINK-30906,24,104.31066961890595
57,16,STARLINK-30906,12,88.85778395992277
58,16,STARLINK-30906,6,71.01757438798981
59,16,STARLINK-30906,18,74.98393140771034
55,17,STARLINK-31771,4,101.1358411317823
55,18,STARLINK-31771,4,101.1358411317823
56,17,STARLINK-31771,12,101.1353925899674
56,18,STARLINK-31771,12,101.1353925899674
57,17,STARLINK-31771,22,100.2640653768564
57,18,STARLINK-31771,22,100.2640653768564
58,17,STARLINK-5950,8,64.59810120654579
58,18,STARLINK-5950,8,64.59810120654579
59,17,STARLINK-5950,6,64.59772300175108
59,18,STARLINK-5950,6,64.59772300175108
50,18,STARLINK-5158,19,221.72835703194104
50,19,STARLINK-5158,19,221.72835703194104
51,18,STARLINK-30069,19,121.0456836692282
51,19,STARLINK-30069,19,121.0456836692282
52,18,STARLINK-30530,19,109.05191315225038
52,19,STARLINK-30530,19,109.05191315225038
53,18,STARLINK-5158,24,179.74988994472486
53,19,STARLINK-5158,24,179.74988994472486
54,18,STARLINK-30530,24,80.61815682730703
54,19,STARLINK-30530,24,80.61815682730703
55,19,STARLINK-3752,22,163.28386834719242
55,20,STARLINK-3752,22,163.28386834719242
56,19,STARLINK-5078,22,160.3537357888558
56,20,STARLINK-5078,22,160.3537357888558
57,19,STARLINK-31010,22,114.42496031330442
57,20,STARLINK-31010,22,114.42496031330442
58,19,STARLINK-3752,8,141.5449899565657
58,20,STARLINK-3752,8,141.5449899565657
59,19,STARLINK-3752,23,141.5449899565657
59,20,STARLINK-3752,23,141.5449899565657
50,20,STARLINK-5158,15,208.38406007554565
51,20,STARLINK-5158,20,208.38406007554565
51,21,STARLINK-5158,20,208.38406007554565
52,20,STARLINK-5158,21,208.38406007554565
52,21,STARLINK-5158,21,208.38406007554565
53,20,STARLINK-30069,19,123.69625074245126
53,21,STARLINK-30069,19,123.69625074245126
54,20,STARLINK-31996,19,124.35357971832659
50,21,STARLINK-31996,2,254.58203800893457
55,21,STARLINK-31996,8,254.58203800893457
56,21,STARLINK-31996,11,254.58203800893457
56,22,STARLINK-31996,11,254.58203800893457
58,21,STARLINK-31996,18,254.58203800893457
58,22,STARLINK-31996,18,254.58203800893457
59,21,STARLINK-31996,22,254.58203800893457
51,22,STARLINK-30334,0,235.6005853965903
53,22,STARLINK-30334,1,235.6005853965903
10,13,STARLINK-31744,9,58.995871230149156
10,14,STARLINK-31744,9,58.995871230149156
11,13,STARLINK-31744,7,58.04370367520279
11,14,STARLINK-31744,7,58.04370367520279
12,13,STARLINK-31744,1,46.76764776838147
12,14,STARLINK-31744,1,46.76764776838147
13,13,STARLINK-31744,5,46.76764776838147
13,14,STARLINK-31744,5,46.76764776838147
14,13,STARLINK-31744,17,46.76764776838147
14,14,STARLINK-31744,17,46.76764776838147
15,13,STARLINK-31744,22,46.76764776838147
15,14,STARLINK-31744,22,46.76764776838147
16,13,STARLINK-31744,2,46.71580782172889
16,14,STARLINK-31744,2,46.71580782172889
17,13,STARLINK-32190,7,19.717460893607207
17,14,STARLINK-32190,7,19.717460893607207
18,13,STARLINK-32190,13,19.717387023874856
18,14,STARLINK-32190,13,19.717387023874856
19,14,STARLINK-33717,8,37.92908316256806
19,15,STARLINK-33717,8,37.92908316256806
10,15,STARLINK-31457,13,45.581854098102376
10,16,STARLINK-31457,13,45.581854098102376
11,15,STARLINK-31457,15,40.08629025693509
11,16,STARLINK-31457,15,40.08629025693509
12,15,STARLINK-31457,2,34.572494622234764
12,16,STARLINK-31457,2,34.572494622234764
13,15,STARLINK-31457,3,34.572494622234764
13,16,STARLINK-31457,3,34.572494622234764
14,15,STARLINK-31457,7,34.572494622234764
14,16,STARLINK-31457,7,34.572494622234764
15,15,STARLINK-31457,1,34.57242824684999
15,16,STARLINK-31457,1,34.57242824684999
16,15,STARLINK-33717,9,58.882478759909255
16,16,STARLINK-33717,9,58.882478759909255
17,15,STARLINK-33717,14,58.882478759909255
17,16,STARLINK-33717,14,58.882478759909255
18,15,STARLINK-33717,16,58.882478759909255
18,16,STARLINK-33717,16,58.882478759909255
19,16,STARLINK-5950,10,20.667295155352857
19,17,STARLINK-5950,10,20.667295155352857
10,17,STARLINK-30530,23,51.13148266524299
10,18,STARLINK-30530,23,51.13148266524299
11,17,STARLINK-5950,23,63.487759750751565
11,18,STARLINK-5950,23,63.487759750751565
12,17,STARLINK-31771,23,98.75632260256444
12,18,STARLINK-31771,23,98.75632260256444
13,17,STARLINK-31457,23,48.90134203743464
14,17,STARLINK-31001,23,48.22058853885614
14,18,STARLINK-31001,23,48.22058853885614
15,17,STARLINK-5950,14,46.03724869426731
15,18,STARLINK-5950,14,46.03724869426731
16,17,STARLINK-33717,14,65.47770740746348
17,17,STARLINK-33717,11,65.17910288512503
18,17,STARLINK-33717,17,65.17910288512503
13,18,STARLINK-5158,9,152.28479807640218
13,19,STARLINK-5158,9,152.28479807640218
16,18,STARLINK-30069,9,72.36995845318692
16,19,STARLINK-30069,9,72.36995845318692
17,18,STARLINK-31001,9,53.174502785063915
17,19,STARLINK-31001,9,53.174502785063915
18,18,STARLINK-30069,2,50.61799945165081
18,19,STARLINK-30069,2,50.61799945165081
19,18,STARLINK-30069,7,50.61799945165081
19,19,STARLINK-30069,7,50.61799945165081
10,19,STARLINK-5078,21,138.81107243400706
10,20,STARLINK-5078,21,138.81107243400706
11,19,STARLINK-5078,3,138.79834909253955
11,20,STARLINK-5078,3,138.79834909253955
12,19,STARLINK-31010,21,96.6626134180795
12,20,STARLINK-31010,21,96.6626134180795
14,19,STARLINK-3752,13,109.74470536187751
14,20,STARLINK-3752,13,109.74470536187751
15,19,STARLINK-3752,10,105.16653993083368
15,20,STARLINK-3752,10,105.16653993083368
13,20,STARLINK-30530,12,71.6056449714365
13,21,STARLINK-30530,12,71.6056449714365
16,20,STARLINK-30069,12,85.35785475493498
17,20,STARLINK-5158,12,84.22527392400129
17,21,STARLINK-5158,12,84.22527392400129
18,20,STARLINK-30069,5,75.37770964949877
19,20,STARLINK-30530,5,62.82390575404748
19,21,STARLINK-30530,5,62.82390575404748
10,21,STARLINK-5078,15,191.15726134907806
11,21,STARLINK-5078,13,191.1556177718525
12,21,STARLINK-31010,23,176.97362903418048
14,21,STARLINK-5078,23,191.16251157183925
14,22,STARLINK-5078,23,191.16251157183925
15,21,STARLINK-5311,16,180.19155210426624
15,22,STARLINK-5311,16,180.19155210426624
16,21,STARLINK-31996,16,254.5697946829596
16,22,STARLINK-31996,16,254.5697946829596
18,21,STARLINK-5078,16,191.15137838753884
18,22,STARLINK-5078,16,191.15137838753884
10,22,STARLINK-30334,8,235.6005853965903
10,23,STARLINK-30334,8,235.6005853965903
11,22,STARLINK-30334,13,235.6005853965903
11,23,STARLINK-30334,13,235.6005853965903
12,22,STARLINK-30334,14,235.6005853965903
12,23,STARLINK-30334,14,235.6005853965903
13,22,STARLINK-5158,15,221.40569752402388
13,23,STARLINK-5158,15,221.40569752402388
17,22,STARLINK-5158,19,221.40569752402388
19,22,STARLINK-5158,21,221.40569752402388
19,23,STARLINK-5158,21,221.40569752402388
14,23,STARLINK-30334,0,302.75248160732446
14,24,STARLINK-30334,0,302.75248160732446
15,23,STARLINK-30334,12,302.75248160732446
15,24,STARLINK-30334,12,302.75248160732446
16,23,STARLINK-30334,18,302.75248160732446
16,24,STARLINK-30334,18,302.75248160732446
17,23,STARLINK-30334,19,302.75194452781983
17,24,STARLINK-30334,19,302.75194452781983
18,23,STARLINK-30334,2,302.75248123785633
11,24,STARLINK-30603,2,261.2855375748082
11,25,STARLINK-30603,2,261.2855375748082
15,25,STARLINK-33914,0,306.65306918754237
17,25,STARLINK-33914,3,306.65306918754237
120,14,STARLINK-32190,1,35.75391969598088
120,15,STARLINK-32190,1,35.75391969598088
121,14,STARLINK-32190,3,35.753911699171255
121,15,STARLINK-32190,3,35.753911699171255
122,14,STARLINK-32190,2,35.75391969598088
122,15,STARLINK-32190,2,35.75391969598088
123,14,STARLINK-30906,15,32.54933764438411
123,15,STARLINK-30906,15,32.54933764438411
124,14,STARLINK-32190,0,35.75390591417384
124,15,STARLINK-32190,0,35.75390591417384
125,14,STARLINK-34723,1,0.0026167879070955868
125,15,STARLINK-34723,1,0.0026167879070955868
126,14,STARLINK-34723,2,0.0026167879070955868
126,15,STARLINK-34723,2,0.0026167879070955868
127,14,STARLINK-34723,4,0.0026167879070955868
127,15,STARLINK-34723,4,0.0026167879070955868
128,14,STARLINK-34723,6,0.0026167879070955868
128,15,STARLINK-34723,6,0.0026167879070955868
129,14,STARLINK-34723,7,0.0026167879070955868
129,15,STARLINK-34723,7,0.0026167879070955868
120,16,STARLINK-6116,1,27.141416347036795
120,17,STARLINK-6116,1,27.141416347036795
121,16,STARLINK-6116,4,30.196077464362094
121,17,STARLINK-6116,4,30.196077464362094
122,16,STARLINK-6116,5,34.06575206925101
122,17,STARLINK-6116,5,34.06575206925101
123,16,STARLINK-30906,10,56.541016990177155
124,16,STARLINK-6116,20,28.88578994542405
124,17,STARLINK-6116,20,28.88578994542405
125,16,STARLINK-31771,24,25.31495058735744
125,17,STARLINK-31771,24,25.31495058735744
126,16,STARLINK-5950,24,16.56249594713629
126,17,STARLINK-5950,24,16.56249594713629
127,16,STARLINK-33717,8,31.44173970479931
127,17,STARLINK-33717,8,31.44173970479931
128,16,STARLINK-31771,8,26.726455844645095
128,17,STARLINK-31771,8,26.726455844645095
129,16,STARLINK-5950,9,15.39239319135758
129,17,STARLINK-5950,9,15.39239319135758
123,17,STARLINK-31001,16,32.67981457678457
123,18,STARLINK-31001,16,32.67981457678457
120,18,STARLINK-30530,18,44.21796313426228
120,19,STARLINK-30530,18,44.21796313426228
121,18,STARLINK-5158,18,115.93295166784276
121,19,STARLINK-5158,18,115.93295166784276
122,18,STARLINK-30069,18,50.61799945165081
122,19,STARLINK-30069,18,50.61799945165081
124,18,STARLINK-30530,22,38.95920771552067
124,19,STARLINK-30530,22,38.95920771552067
125,18,STARLINK-5158,22,105.21347455703736
125,19,STARLINK-5158,22,105.21347455703736
126,18,STARLINK-30530,16,33.85693959650406
126,19,STARLINK-30530,16,33.85693959650406
127,18,STARLINK-30069,16,38.9975827867086
127,19,STARLINK-30069,16,38.9975827867086
128,18,STARLINK-31771,1,46.63006535976082
129,18,STARLINK-30530,2,30.378573963605366
129,19,STARLINK-30530,2,30.378573963605366
123,19,STARLINK-31010,14,59.334658611992836
123,20,STARLINK-31010,14,59.334658611992836
128,19,STARLINK-3752,11,87.12899306691259
128,20,STARLINK-3752,11,87.12899306691259
120,20,STARLINK-30069,20,71.09669172158958
120,21,STARLINK-30069,20,71.09669172158958
121,20,STARLINK-30069,17,69.88148154630468
121,21,STARLINK-30069,17,69.88148154630468
122,20,STARLINK-30530,17,58.027495941552125
122,21,STARLINK-30530,17,58.027495941552125
124,20,STARLINK-30530,20,59.08546461503173
125,20,STARLINK-2523,9,44.66270061298772
125,21,STARLINK-2523,9,44.66270061298772
126,20,STARLINK-5158,9,57.36771735287024
126,21,STARLINK-5158,9,57.36771735287024
127,20,STARLINK-30069,9,58.225171294105394
129,20,STARLINK-5158,6,54.361900854274566
129,21,STARLINK-5158,6,54.361900854274566
123,21,STARLINK-31010,24,89.32438956382708
124,21,STARLINK-31996,24,147.74280423840713
124,22,STARLINK-31996,24,147.74280423840713
127,21,STARLINK-31996,7,141.71098517328613
127,22,STARLINK-31996,7,141.71098517328613
128,21,STARLINK-5311,7,87.00655658584958
128,22,STARLINK-5311,7,87.00655658584958
120,22,STARLINK-11520 [DTC],22,192.5266696842667
120,23,STARLINK-11520 [DTC],22,192.5266696842667
121,22,STARLINK-5158,22,221.40569752402388
121,23,STARLINK-5158,22,221.40569752402388
122,22,STARLINK-32199,22,179.95838290154242
122,23,STARLINK-32199,22,179.95838290154242
123,22,STARLINK-30334,22,235.6005853965903
123,23,STARLINK-30334,22,235.6005853965903
125,22,STARLINK-11520 [DTC],6,117.51684928305934
125,23,STARLINK-11520 [DTC],6,117.51684928305934
126,22,STARLINK-11520 [DTC],9,117.51624143019755
126,23,STARLINK-11520 [DTC],9,117.51624143019755
129,22,STARLINK-5158,6,140.82756107158465
124,23,STARLINK-30334,11,302.7468007813579
124,24,STARLINK-30334,11,302.7468007813579
127,23,STARLINK-30334,23,302.7010570747936
127,24,STARLINK-30334,23,302.7010570747936
128,23,STARLINK-30334,16,302.5376276238239
128,24,STARLINK-30334,16,302.5376276238239
129,23,STARLINK-30552,16,172.62441280930125
129,24,STARLINK-30552,16,172.62441280930125
120,24,STARLINK-5311,13,257.0780304167453
121,24,STARLINK-5311,14,257.0780304167453
121,25,STARLINK-5311,14,257.0780304167453
122,24,STARLINK-5311,17,257.0780304167453
122,25,STARLINK-5311,17,257.0780304167453
123,24,STARLINK-30603,4,261.2845599780352
125,24,STARLINK-30603,8,261.28366084068887
125,25,STARLINK-30603,8,261.28366084068887
126,24,STARLINK-30603,10,261.28246729907994
126,25,STARLINK-30603,10,261.28246729907994
124,25,STARLINK-33846,11,288.288236109287
124,26,STARLINK-33846,11,288.288236109287
128,25,STARLINK-33914,11,306.65306918754237
129,25,STARLINK-33846,13,288.288236109287
129,26,STARLINK-33846,13,288.288236109287
122,26,STARLINK-31483,0,278.9274875080567
126,26,STARLINK-31483,2,278.9274875080567
70,15,STARLINK-31457,12,31.330063072725814
70,16,STARLINK-31457,12,31.330063072725814
71,15,STARLINK-31457,18,31.330063072725814
71,16,STARLINK-31457,18,31.330063072725814
72,15,STARLINK-31457,24,31.330063072725814
72,16,STARLINK-31457,24,31.330063072725814
73,15,STARLINK-31457,20,31.329874525507737
73,16,STARLINK-31457,20,31.329874525507737
74,15,STARLINK-31457,6,31.3287310978567
74,16,STARLINK-31457,6,31.3287310978567
75,15,STARLINK-30906,13,26.720038337049974
75,16,STARLINK-30906,13,26.720038337049974
76,15,STARLINK-34345,7,1.0598963894925086
76,16,STARLINK-34345,7,1.0598963894925086
77,15,STARLINK-34345,13,1.3344662524385675
77,16,STARLINK-34345,13,1.3344662524385675
78,15,STARLINK-34345,21,1.059938900834539
78,16,STARLINK-34345,21,1.059938900834539
79,15,STARLINK-34345,0,0.97383229260291
79,16,STARLINK-34345,0,0.97383229260291
70,17,STARLINK-31457,0,33.17175046459508
71,17,STARLINK-31001,0,32.679793720600145
71,18,STARLINK-31001,0,32.679793720600145
72,17,STARLINK-31457,7,33.17171250678052
73,17,STARLINK-31001,7,32.67975624973223
73,18,STARLINK-31001,7,32.67975624973223
74,17,STARLINK-31457,6,31.019589293428847
75,17,STARLINK-5950,2,33.9850830723788
75,18,STARLINK-5950,2,33.9850830723788
76,17,STARLINK-5950,15,34.28762179208523
76,18,STARLINK-5950,15,34.28762179208523
77,17,STARLINK-5950,13,34.28840728727472
77,18,STARLINK-5950,13,34.28840728727472
78,17,STARLINK-5950,18,33.98508308767806
78,18,STARLINK-5950,18,33.98508308767806
79,17,STARLINK-31771,13,56.965915842144796
79,18,STARLINK-31771,13,56.965915842144796
70,18,STARLINK-31001,4,22.048933689899375
70,19,STARLINK-31001,4,22.048933689899375
72,18,STARLINK-5158,4,79.19416770898829
72,19,STARLINK-5158,4,79.19416770898829
74,18,STARLINK-30069,10,30.45620163110274
74,19,STARLINK-30069,10,30.45620163110274
71,19,STARLINK-3752,14,63.84648160411634
71,20,STARLINK-3752,14,63.84648160411634
73,19,STARLINK-31010,0,38.93505914425608
73,20,STARLINK-31010,0,38.93505914425608
75,19,STARLINK-3752,6,62.83290445068464
75,20,STARLINK-3752,6,62.83290445068464
76,19,STARLINK-3752,3,62.83042293269384
76,20,STARLINK-3752,3,62.83042293269384
77,19,STARLINK-31010,1,38.93505914425608
77,20,STARLINK-31010,1,38.93505914425608
78,19,STARLINK-5078,1,62.12318972430257
78,20,STARLINK-5078,1,62.12318972430257
79,19,STARLINK-31010,7,34.32861442164569
79,20,STARLINK-31010,7,34.32861442164569
70,20,STARLINK-2523,4,34.23986670072345
70,21,STARLINK-2523,4,34.23986670072345
72,20,STARLINK-2523,15,34.507427018005565
72,21,STARLINK-2523,15,34.507427018005565
74,20,STARLINK-30530,10,32.86169505496883
74,21,STARLINK-30530,10,32.86169505496883
71,21,STARLINK-31996,3,129.2260907395779
71,22,STARLINK-31996,3,129.2260907395779
73,21,STARLINK-31010,3,75.79428904474129
75,21,STARLINK-31996,21,129.2260907395779
75,22,STARLINK-31996,21,129.2260907395779
76,21,STARLINK-5078,3,84.71006092475233
76,22,STARLINK-5078,3,84.71006092475233
77,21,STARLINK-31010,20,53.457677526336546
78,21,STARLINK-5078,20,60.38306571641761
79,21,STARLINK-31010,5,51.32312039240286
70,22,STARLINK-5158,5,128.56756339830469
70,23,STARLINK-5158,5,128.56756339830469
72,22,STARLINK-5158,4,128.56744074847734
72,23,STARLINK-5158,4,128.56744074847734
73,22,STARLINK-11520 [DTC],5,106.46294302786318
73,23,STARLINK-11520 [DTC],5,106.46294302786318
74,22,STARLINK-11520 [DTC],4,106.4628330298275
74,23,STARLINK-11520 [DTC],4,106.4628330298275
77,22,STARLINK-5158,20,92.13621650674853
77,23,STARLINK-5158,20,92.13621650674853
78,22,STARLINK-5158,10,78.64701452260984
78,23,STARLINK-5158,10,78.64701452260984
79,22,STARLINK-11520 [DTC],20,74.36791152766504
79,23,STARLINK-11520 [DTC],20,74.36791152766504
71,23,STARLINK-30334,24,200.039136682166
71,24,STARLINK-30334,24,200.039136682166
75,23,STARLINK-30334,7,187.81663846647322
75,24,STARLINK-30334,7,187.81663846647322
76,23,STARLINK-30334,1,164.08654832323322
76,24,STARLINK-30334,1,164.08654832323322
70,24,STARLINK-5311,22,257.0689886151821
70,25,STARLINK-5311,22,257.0689886151821
72,24,STARLINK-5311,15,257.0497338012743
72,25,STARLINK-5311,15,257.0497338012743
73,24,STARLINK-30603,22,261.27645665953077
73,25,STARLINK-30603,22,261.27645665953077
74,24,STARLINK-30603,15,261.25711854142634
74,25,STARLINK-30603,15,261.25711854142634
77,24,STARLINK-5311,20,129.17956773361266
77,25,STARLINK-5311,20,129.17956773361266
78,24,STARLINK-30603,20,132.36973414459055
78,25,STARLINK-30603,20,132.36973414459055
79,24,STARLINK-5311,3,120.98854641859332
79,25,STARLINK-5311,3,120.98854641859332
71,25,STARLINK-33914,18,306.65306918754237
75,25,STARLINK-33846,18,288.288236109287
75,26,STARLINK-33846,18,288.288236109287
76,25,STARLINK-33846,19,288.288236109287
76,26,STARLINK-33846,19,288.288236109287
70,26,STARLINK-31483,4,278.9274875080567
73,26,STARLINK-31483,8,278.9274875080567
73,27,STARLINK-31483,8,278.9274875080567
74,26,STARLINK-31483,9,278.9274875080567
74,27,STARLINK-31483,9,278.9274875080567
77,26,STARLINK-31483,10,278.9274875080567
79,26,STARLINK-31483,14,278.9274875080567
79,27,STARLINK-31483,14,278.9274875080567
76,27,STARLINK-33832,3,257.5678182057466
20,16,STARLINK-6116,2,24.52089030105297
20,17,STARLINK-6116,2,24.52089030105297
21,16,STARLINK-6116,7,27.006385537354884
21,17,STARLINK-6116,7,27.006385537354884
22,16,STARLINK-33717,7,23.693504728016624
22,17,STARLINK-33717,7,23.693504728016624
23,16,STARLINK-31771,11,23.58691271107114
23,17,STARLINK-31771,11,23.58691271107114
24,16,STARLINK-31771,17,23.58691271107114
24,17,STARLINK-31771,17,23.58691271107114
25,16,STARLINK-5950,11,12.69767734429375
25,17,STARLINK-5950,11,12.69767734429375
26,16,STARLINK-5950,17,12.69767734429375
26,17,STARLINK-5950,17,12.69767734429375
27,16,STARLINK-5950,22,12.69767734429375
27,17,STARLINK-5950,22,12.69767734429375
28,16,STARLINK-5950,5,12.632616475499331
28,17,STARLINK-5950,5,12.632616475499331
29,16,STARLINK-33717,10,20.257131088379847
29,17,STARLINK-33717,10,20.257131088379847
20,18,STARLINK-31001,6,19.31947615349162
20,19,STARLINK-31001,6,19.31947615349162
21,18,STARLINK-31001,15,19.319474200830122
21,19,STARLINK-31001,15,19.319474200830122
22,18,STARLINK-31001,8,19.31944277693234
22,19,STARLINK-31001,8,19.31944277693234
23,18,STARLINK-31771,15,42.69583964856583
24,18,STARLINK-31771,6,42.6958435660088
25,18,STARLINK-30530,11,20.72467368711118
25,19,STARLINK-30530,11,20.72467368711118
26,18,STARLINK-30069,14,23.86230769108071
26,19,STARLINK-30069,14,23.86230769108071
27,18,STARLINK-30069,8,23.862273478858263
27,19,STARLINK-30069,8,23.862273478858263
28,18,STARLINK-30530,7,25.121308413423836
28,19,STARLINK-30530,7,25.121308413423836
29,18,STARLINK-31001,2,17.75253830197517
29,19,STARLINK-31001,2,17.75253830197517
23,19,STARLINK-3752,19,54.26099874107676
23,20,STARLINK-3752,19,54.26099874107676
24,19,STARLINK-5078,17,52.28352158369158
24,20,STARLINK-5078,17,52.28352158369158
20,20,STARLINK-30069,2,37.64934902229635
20,21,STARLINK-30069,2,37.64934902229635
21,20,STARLINK-30069,18,37.64934902229635
21,21,STARLINK-30069,18,37.64934902229635
22,20,STARLINK-30530,2,30.530229293172837
22,21,STARLINK-30530,2,30.530229293172837
25,20,STARLINK-30530,18,30.530229293172837
26,20,STARLINK-5803,8,20.74709030221686
26,21,STARLINK-5803,8,20.74709030221686
27,20,STARLINK-30069,8,34.376239613867405
28,20,STARLINK-2523,8,25.741639140687454
28,21,STARLINK-2523,8,25.741639140687454
29,20,STARLINK-30530,8,27.803478721768016
29,21,STARLINK-30530,8,27.803478721768016
23,21,STARLINK-31996,12,80.16836729176909
23,22,STARLINK-31996,12,80.16836729176909
24,21,STARLINK-31996,19,84.28023503341728
24,22,STARLINK-31996,19,84.28023503341728
25,21,STARLINK-5078,6,44.96253078728633
25,22,STARLINK-5078,6,44.96253078728633
27,21,STARLINK-5078,14,44.46560920835047
27,22,STARLINK-5078,14,44.46560920835047
20,22,STARLINK-32199,9,51.14097153478811
20,23,STARLINK-32199,9,51.14097153478811
21,22,STARLINK-5158,9,71.78348630426129
21,23,STARLINK-5158,9,71.78348630426129
22,22,STARLINK-32199,17,47.467041180868414
22,23,STARLINK-32199,17,47.467041180868414
26,22,STARLINK-5803,0,50.365758611460414
28,22,STARLINK-11520 [DTC],0,51.224940287916546
28,23,STARLINK-11520 [DTC],0,51.224940287916546
29,22,STARLINK-11520 [DTC],1,51.224940287916546
29,23,STARLINK-11520 [DTC],1,51.224940287916546
23,23,STARLINK-30334,21,152.88788430936177
23,24,STARLINK-30334,21,152.88788430936177
24,23,STARLINK-30552,21,64.55903081580654
24,24,STARLINK-30552,21,64.55903081580654
25,23,STARLINK-5078,21,57.68200497724163
26,23,STARLINK-30552,6,52.64876729706233
26,24,STARLINK-30552,6,52.64876729706233
27,23,STARLINK-30334,6,131.6594004148671
27,24,STARLINK-30334,6,131.6594004148671
20,24,STARLINK-5311,12,109.27599046944093
20,25,STARLINK-5311,12,109.27599046944093
21,24,STARLINK-30603,12,112.17867643615465
21,25,STARLINK-30603,12,112.17867643615465
22,24,STARLINK-30603,24,99.74796779549028
22,25,STARLINK-30603,24,99.74796779549028
25,24,STARLINK-5311,7,80.12010725659125
25,25,STARLINK-5311,7,80.12010725659125
28,24,STARLINK-30603,7,82.49937696592737
28,25,STARLINK-30603,7,82.49937696592737
29,24,STARLINK-5311,0,77.06749226949043
29,25,STARLINK-5311,0,77.06749226949043
23,25,STARLINK-33846,16,288.25835056839196
23,26,STARLINK-33846,16,288.25835056839196
24,25,STARLINK-33846,4,288.237767210082
24,26,STARLINK-33846,4,288.237767210082
26,25,STARLINK-30552,23,125.80298038918916
27,25,STARLINK-33846,23,183.2158241909654
27,26,STARLINK-33846,23,183.2158241909654
20,26,STARLINK-30552,17,213.09873991410754
21,26,STARLINK-30552,22,213.09873991410754
22,26,STARLINK-30552,24,213.09873991410754
22,27,STARLINK-30552,24,213.09873991410754
25,26,STARLINK-30552,15,213.0954650332009
25,27,STARLINK-30552,15,213.0954650332009
26,26,STARLINK-31483,21,278.91612539319965
28,26,STARLINK-31483,12,278.87861265819936
28,27,STARLINK-31483,12,278.87861265819936
29,26,STARLINK-31483,6,278.9068330831611
29,27,STARLINK-31483,6,278.9068330831611
23,27,STARLINK-33832,4,257.5678182057466
24,27,STARLINK-33832,17,257.5678182057466
27,27,STARLINK-33832,20,257.5678182057466
22,28,STARLINK-3749,0,242.77721614857293
25,28,STARLINK-3749,1,242.77721614857293
28,28,STARLINK-3749,2,242.77721614857293
100,17,STARLINK-31457,1,23.55299565982392
100,18,STARLINK-31457,1,23.55299565982392
101,17,STARLINK-31457,16,20.87970447550532
101,18,STARLINK-31457,16,20.87970447550532
102,17,STARLINK-31457,3,20.261275248621942
102,18,STARLINK-31457,3,20.261275248621942
103,17,STARLINK-31457,12,19.443729855168463
103,18,STARLINK-31457,12,19.443729855168463
104,17,STARLINK-31457,18,19.4441191510083
104,18,STARLINK-31457,18,19.4441191510083
105,17,STARLINK-31001,1,19.244925857872737
105,18,STARLINK-31001,1,19.244925857872737
106,17,STARLINK-31001,3,16.957082399761358
106,18,STARLINK-31001,3,16.957082399761358
107,17,STARLINK-31001,18,16.371702767996243
107,18,STARLINK-31001,18,16.371702767996243
108,17,STARLINK-31001,21,16.117883809088937
108,18,STARLINK-31001,21,16.117883809088937
109,17,STARLINK-31001,12,16.37142219107457
109,18,STARLINK-31001,12,16.37142219107457
100,19,STARLINK-3752,9,50.4402625938022
100,20,STARLINK-3752,9,50.4402625938022
101,19,STARLINK-31010,9,30.12214401316125
101,20,STARLINK-31010,9,30.12214401316125
102,19,STARLINK-3752,4,46.970870293538376
102,20,STARLINK-3752,4,46.970870293538376
103,19,STARLINK-5078,9,49.07911721974898
103,20,STARLINK-5078,9,49.07911721974898
104,19,STARLINK-3752,21,43.520621813319266
104,20,STARLINK-3752,21,43.520621813319266
105,19,STARLINK-5950,0,14.219179500586431
105,20,STARLINK-5950,0,14.219179500586431
106,19,STARLINK-5078,0,47.4761876413797
106,20,STARLINK-5078,0,47.4761876413797
107,19,STARLINK-31001,0,21.766374003381976
108,19,STARLINK-31010,18,23.727093009809927
108,20,STARLINK-31010,18,23.727093009809927
109,19,STARLINK-31010,12,23.727089425335727
109,20,STARLINK-31010,12,23.727089425335727
107,20,STARLINK-2523,23,21.524112767702132
107,21,STARLINK-2523,23,21.524112767702132
100,21,STARLINK-5078,11,39.40398862571608
100,22,STARLINK-5078,11,39.40398862571608
101,21,STARLINK-31010,13,34.73827820317393
102,21,STARLINK-31996,9,60.591642724536975
102,22,STARLINK-31996,9,60.591642724536975
103,21,STARLINK-31996,13,66.59260411496419
103,22,STARLINK-31996,13,66.59260411496419
104,21,STARLINK-31996,23,60.32853236382338
104,22,STARLINK-31996,23,60.32853236382338
105,21,STARLINK-5803,1,21.192242472256382
105,22,STARLINK-5803,1,21.192242472256382
106,21,STARLINK-5078,1,35.846026320633754
108,21,STARLINK-31010,1,31.35448069784243
109,21,STARLINK-31010,18,29.095779922136497
101,22,STARLINK-32199,2,45.840908986006134
101,23,STARLINK-32199,2,45.840908986006134
106,22,STARLINK-32199,8,45.84100848141542
106,23,STARLINK-32199,8,45.84100848141542
107,22,STARLINK-5158,8,64.87929410694294
107,23,STARLINK-5158,8,64.87929410694294
108,22,STARLINK-11520 [DTC],15,43.59760367617632
108,23,STARLINK-11520 [DTC],15,43.59760367617632
109,22,STARLINK-32199,15,38.885702455718
109,23,STARLINK-32199,15,38.885702455718
100,23,STARLINK-5078,10,39.78492291023671
102,23,STARLINK-30334,3,101.00439463257831
102,24,STARLINK-30334,3,101.00439463257831
103,23,STARLINK-30334,10,116.86695718487796
103,24,STARLINK-30334,10,116.86695718487796
104,23,STARLINK-31996,9,23.565039233798576
105,23,STARLINK-30334,17,86.26754902832577
105,24,STARLINK-30334,17,86.26754902832577
100,24,STARLINK-30603,9,75.84667516995275
100,25,STARLINK-30603,9,75.84667516995275
101,24,STARLINK-30603,14,75.8474424313128
101,25,STARLINK-30603,14,75.8474424313128
104,24,STARLINK-30603,1,72.73029581893444
104,25,STARLINK-30603,1,72.73029581893444
106,24,STARLINK-30603,19,72.73029581893444
106,25,STARLINK-30603,19,72.73029581893444
107,24,STARLINK-5311,8,71.63983459337963
107,25,STARLINK-5311,8,71.63983459337963
108,24,STARLINK-5311,2,71.63993527324992
108,25,STARLINK-5311,2,71.63993527324992
109,24,STARLINK-33832,2,38.67444961914061
109,25,STARLINK-33832,2,38.67444961914061
102,25,STARLINK-33846,10,157.4253578049809
102,26,STARLINK-33846,10,157.4253578049809
103,25,STARLINK-33846,6,173.47272399118572
103,26,STARLINK-33846,6,173.47272399118572
105,25,STARLINK-33846,21,157.4146718865836
105,26,STARLINK-33846,21,157.4146718865836
100,26,STARLINK-30552,3,153.49081597536335
100,27,STARLINK-30552,3,153.49081597536335
101,26,STARLINK-31483,1,150.01443671794715
101,27,STARLINK-31483,1,150.01443671794715
104,26,STARLINK-31379,3,115.47078815899435
104,27,STARLINK-31379,3,115.47078815899435
106,26,STARLINK-31483,3,212.78215156192948
106,27,STARLINK-31483,3,212.78215156192948
107,26,STARLINK-30552,11,100.79846223641849
107,27,STARLINK-30552,11,100.79846223641849
108,26,STARLINK-30552,5,100.79832250446108
108,27,STARLINK-30552,5,100.79832250446108
109,26,STARLINK-30552,19,100.79846223641849
109,27,STARLINK-30552,19,100.79846223641849
102,27,STARLINK-33846,21,234.15819446454285
103,27,STARLINK-33846,22,234.15819446454285
105,27,STARLINK-33846,0,234.15759649545896
100,28,STARLINK-3749,5,242.77721614857293
100,29,STARLINK-3749,5,242.77721614857293
101,28,STARLINK-3749,6,242.77721614857293
101,29,STARLINK-3749,6,242.77721614857293
103,28,STARLINK-3749,7,242.77721614857293
104,28,STARLINK-3749,9,242.77721614857293
105,28,STARLINK-32191,11,193.72378122384774
105,29,STARLINK-32191,11,193.72378122384774
107,28,STARLINK-31483,11,193.79109189608505
108,28,STARLINK-32191,12,193.72378122384774
108,29,STARLINK-32191,12,193.72378122384774
109,28,STARLINK-32191,13,193.72378122384774
109,29,STARLINK-32191,13,193.72378122384774
60,19,STARLINK-5950,5,10.29321173206559
60,20,STARLINK-5950,5,10.29321173206559
61,19,STARLINK-6116,2,9.971705782720091
61,20,STARLINK-6116,2,9.971705782720091
62,19,STARLINK-5950,17,10.354325380133782
62,20,STARLINK-5950,17,10.354325380133782
63,19,STARLINK-5950,2,11.125364929051557
63,20,STARLINK-5950,2,11.125364929051557
64,19,STARLINK-5950,7,10.389843196966357
64,20,STARLINK-5950,7,10.389843196966357
65,19,STARLINK-3752,20,36.70710430091507
65,20,STARLINK-3752,20,36.70710430091507
66,19,STARLINK-6116,19,9.237757672192378
66,20,STARLINK-6116,19,9.237757672192378
67,19,STARLINK-31010,6,20.654256516076657
67,20,STARLINK-31010,6,20.654256516076657
68,19,STARLINK-6116,20,9.22243258063892
68,20,STARLINK-6116,20,9.22243258063892
69,19,STARLINK-31010,19,21.433998277550653
69,20,STARLINK-31010,19,21.433998277550653
60,21,STARLINK-5803,14,18.802804624448402
60,22,STARLINK-5803,14,18.802804624448402
61,21,STARLINK-5803,11,17.13578574746392
61,22,STARLINK-5803,11,17.13578574746392
62,21,STARLINK-5803,6,17.329770877910157
62,22,STARLINK-5803,6,17.329770877910157
63,21,STARLINK-5803,4,18.910581623114442
63,22,STARLINK-5803,4,18.910581623114442
64,21,STARLINK-5803,5,17.58259649502249
64,22,STARLINK-5803,5,17.58259649502249
65,21,STARLINK-5078,19,27.768656131081354
65,22,STARLINK-5078,19,27.768656131081354
66,21,STARLINK-31996,15,50.571039762598446
66,22,STARLINK-31996,15,50.571039762598446
67,21,STARLINK-31010,15,25.51042432703347
68,21,STARLINK-5078,24,26.885877177190977
68,22,STARLINK-5078,24,26.885877177190977
69,21,STARLINK-31010,4,24.2723397441724
67,22,STARLINK-5158,18,43.62148844825299
67,23,STARLINK-5158,18,43.62148844825299
69,22,STARLINK-11520 [DTC],2,33.24225824519449
69,23,STARLINK-11520 [DTC],2,33.24225824519449
60,23,STARLINK-30552,20,29.848250155501688
60,24,STARLINK-30552,20,29.848250155501688
61,23,STARLINK-30334,20,84.92105513247841
61,24,STARLINK-30334,20,84.92105513247841
62,23,STARLINK-33914,20,20.336560883875418
62,24,STARLINK-33914,20,20.336560883875418
63,23,STARLINK-30334,4,77.05874085861169
63,24,STARLINK-30334,4,77.05874085861169
64,23,STARLINK-33914,9,16.840656558885122
64,24,STARLINK-33914,9,16.840656558885122
65,23,STARLINK-5078,15,20.764705312696993
66,23,STARLINK-31996,15,18.60259633839781
68,23,STARLINK-5078,9,21.823089278850265
65,24,STARLINK-5311,16,52.99327908094266
65,25,STARLINK-5311,16,52.99327908094266
66,24,STARLINK-5311,18,55.88655717294731
66,25,STARLINK-5311,18,55.88655717294731
67,24,STARLINK-33832,18,29.231930378617182
67,25,STARLINK-33832,18,29.231930378617182
68,24,STARLINK-33832,13,28.177639390808704
68,25,STARLINK-33832,13,28.177639390808704
69,24,STARLINK-32199,13,22.715865165639816
69,25,STARLINK-32199,13,22.715865165639816
60,25,STARLINK-33846,14,120.96880529041441
60,26,STARLINK-33846,14,120.96880529041441
61,25,STARLINK-33846,9,120.96870999653636
61,26,STARLINK-33846,9,120.96870999653636
62,25,STARLINK-33914,14,134.25949141919565
63,25,STARLINK-30552,8,76.46961771661637
63,26,STARLINK-30552,8,76.46961771661637
64,25,STARLINK-33914,8,134.25725430828965
62,26,STARLINK-31483,13,150.0138404871097
62,27,STARLINK-31483,13,150.0138404871097
64,26,STARLINK-31379,16,71.78392673711322
64,27,STARLINK-31379,16,71.78392673711322
65,26,STARLINK-31379,13,71.78723162058459
65,27,STARLINK-31379,13,71.78723162058459
66,26,STARLINK-31483,16,150.00864963419983
66,27,STARLINK-31483,16,150.00864963419983
67,26,STARLINK-30552,7,89.71151108758566
67,27,STARLINK-30552,7,89.71151108758566
68,26,STARLINK-30552,23,86.98051245594807
68,27,STARLINK-30552,23,86.98051245594807
69,26,STARLINK-32199,23,64.32272216642484
60,27,STARLINK-6211,2,188.23964328206375
60,28,STARLINK-6211,2,188.23964328206375
61,27,STARLINK-33846,2,234.1573490488297
63,27,STARLINK-6211,15,103.80223125533756
63,28,STARLINK-6211,15,103.80223125533756
69,27,STARLINK-6211,24,103.80223125533756
69,28,STARLINK-6211,24,103.80223125533756
61,28,STARLINK-4279,17,179.98987247582622
61,29,STARLINK-4279,17,179.98987247582622
62,28,STARLINK-31483,17,193.79109189608505
64,28,STARLINK-4279,19,179.98987247582622
64,29,STARLINK-4279,19,179.98987247582622
65,28,STARLINK-4279,20,179.98987247582622
65,29,STARLINK-4279,20,179.98987247582622
66,28,STARLINK-31483,22,193.79109189608505
67,28,STARLINK-32191,22,193.72378122384774
67,29,STARLINK-32191,22,193.72378122384774
68,28,STARLINK-32191,23,193.72378122384774
68,29,STARLINK-32191,23,193.72378122384774
60,29,STARLINK-5287,0,313.1789154245742
62,29,STARLINK-5287,1,313.1789154245742
62,30,STARLINK-5287,1,313.1789154245742
63,29,STARLINK-5287,2,313.1789154245742
63,30,STARLINK-5287,2,313.1789154245742
66,29,STARLINK-5287,7,313.1789154245742
69,29,STARLINK-5287,9,313.1789154245742
69,30,STARLINK-5287,9,313.1789154245742
61,30,STARLINK-32191,3,348.0718067824502
64,30,STARLINK-32191,4,348.0718067824502
64,31,STARLINK-32191,4,348.0718067824502
65,30,STARLINK-32191,5,348.0718067824502
62,31,STARLINK-31380,0,300.5153314835738
30,20,STARLINK-2523,7,15.328149486456478
30,21,STARLINK-2523,7,15.328149486456478
31,20,STARLINK-30069,16,24.030087007437093
31,21,STARLINK-30069,16,24.030087007437093
32,20,STARLINK-2523,16,17.793874468177417
32,21,STARLINK-2523,16,17.793874468177417
33,20,STARLINK-2523,1,15.275800693478988
33,21,STARLINK-2523,1,15.275800693478988
34,20,STARLINK-30530,16,19.271196628762436
34,21,STARLINK-30530,16,19.271196628762436
35,20,STARLINK-30069,15,20.708281975480364
35,21,STARLINK-30069,15,20.708281975480364
36,20,STARLINK-30530,15,16.560654105888798
36,21,STARLINK-30530,15,16.560654105888798
37,20,STARLINK-30069,23,20.152866625039447
37,21,STARLINK-30069,23,20.152866625039447
38,20,STARLINK-30069,24,20.152866625039447
38,21,STARLINK-30069,24,20.152866625039447
39,20,STARLINK-30530,23,16.10885006896456
39,21,STARLINK-30530,23,16.10885006896456
30,22,STARLINK-5158,12,37.97940078882924
30,23,STARLINK-5158,12,37.97940078882924
31,22,STARLINK-11520 [DTC],12,29.26090364063392
31,23,STARLINK-11520 [DTC],12,29.26090364063392
32,22,STARLINK-5158,14,37.387716211056535
32,23,STARLINK-5158,14,37.387716211056535
33,22,STARLINK-5158,1,35.3408758969955
33,23,STARLINK-5158,1,35.3408758969955
34,22,STARLINK-11520 [DTC],14,28.788608471804213
34,23,STARLINK-11520 [DTC],14,28.788608471804213
35,22,STARLINK-11520 [DTC],16,25.966789276099636
35,23,STARLINK-11520 [DTC],16,25.966789276099636
36,22,STARLINK-32199,16,22.97143601192727
36,23,STARLINK-32199,16,22.97143601192727
37,22,STARLINK-32199,24,22.42053293857675
37,23,STARLINK-32199,24,22.42053293857675
38,22,STARLINK-32199,0,22.263943880024225
38,23,STARLINK-32199,0,22.263943880024225
39,22,STARLINK-11520 [DTC],24,25.351627257548813
39,23,STARLINK-11520 [DTC],24,25.351627257548813
30,24,STARLINK-30603,11,45.8610105179201
30,25,STARLINK-30603,11,45.8610105179201
31,24,STARLINK-5311,11,44.33903508882851
31,25,STARLINK-5311,11,44.33903508882851
32,24,STARLINK-5311,1,42.78997164824799
32,25,STARLINK-5311,1,42.78997164824799
33,24,STARLINK-5311,10,42.78991408262396
33,25,STARLINK-5311,10,42.78991408262396
34,24,STARLINK-33832,11,22.64157136089354
34,25,STARLINK-33832,11,22.64157136089354
35,24,STARLINK-32199,24,16.755352708934407
35,25,STARLINK-32199,24,16.755352708934407
36,24,STARLINK-33832,24,20.909954126916578
36,25,STARLINK-33832,24,20.909954126916578
37,24,STARLINK-33832,5,21.633110928245646
37,25,STARLINK-33832,5,21.633110928245646
38,24,STARLINK-32199,5,17.345401308000127
39,24,STARLINK-33914,5,19.74944348731472
39,25,STARLINK-33914,5,19.74944348731472
38,25,STARLINK-30545,12,48.42743718099813
38,26,STARLINK-30545,12,48.42743718099813
30,26,STARLINK-31379,20,54.57449068759331
30,27,STARLINK-31379,20,54.57449068759331
31,26,STARLINK-30552,20,78.70067877112388
31,27,STARLINK-30552,20,78.70067877112388
32,26,STARLINK-31379,24,48.38779717580747
32,27,STARLINK-31379,24,48.38779717580747
33,26,STARLINK-31483,20,121.69037677741207
33,27,STARLINK-31483,20,121.69037677741207
34,26,STARLINK-31379,15,48.387587022085356
34,27,STARLINK-31379,15,48.387587022085356
35,26,STARLINK-32199,18,46.544465743032006
36,26,STARLINK-30545,18,31.254377511468775
36,27,STARLINK-30545,18,31.254377511468775
37,26,STARLINK-30552,18,64.51573470943079
37,27,STARLINK-30552,18,64.51573470943079
39,26,STARLINK-31483,18,102.6015295435565
39,27,STARLINK-31483,18,102.6015295435565
35,27,STARLINK-6211,7,103.80200559637211
35,28,STARLINK-6211,7,103.80200559637211
38,27,STARLINK-6211,10,92.34670036661109
38,28,STARLINK-6211,10,92.34670036661109
30,28,STARLINK-2606,8,156.59191380061216
30,29,STARLINK-2606,8,156.59191380061216
31,28,STARLINK-3749,8,242.7762450812819
31,29,STARLINK-3749,8,242.7762450812819
32,28,STARLINK-4279,8,179.9889989771819
32,29,STARLINK-4279,8,179.9889989771819
33,28,STARLINK-31483,8,193.79019218929253
34,28,STARLINK-3749,18,178.77631154728488
34,29,STARLINK-3749,18,178.77631154728488
36,28,STARLINK-2606,18,105.08768129997217
36,29,STARLINK-2606,18,105.08768129997217
37,28,STARLINK-3749,15,159.55860131298556
37,29,STARLINK-3749,15,159.55860131298556
39,28,STARLINK-31483,18,135.91073842893363
33,29,STARLINK-5287,12,243.38959901879636
33,30,STARLINK-5287,12,243.38959901879636
35,29,STARLINK-5287,13,243.38959901879636
35,30,STARLINK-5287,13,243.38959901879636
38,29,STARLINK-5287,22,243.38959901879636
38,30,STARLINK-5287,22,243.38959901879636
39,29,STARLINK-5287,3,243.38949147719424
39,30,STARLINK-5287,3,243.38949147719424
30,30,STARLINK-32191,6,348.0718067824502
30,31,STARLINK-32191,6,348.0718067824502
31,30,STARLINK-32191,7,348.0718067824502
32,30,STARLINK-32191,8,348.0718067824502
32,31,STARLINK-32191,8,348.0718067824502
34,30,STARLINK-32191,17,348.0718067824502
34,31,STARLINK-32191,17,348.0718067824502
36,30,STARLINK-32191,18,348.0718067824502
36,31,STARLINK-32191,18,348.0718067824502
37,30,STARLINK-32191,20,348.0718067824502
37,31,STARLINK-32191,20,348.0718067824502
38,31,STARLINK-31380,1,300.5153314835738
30,32,STARLINK-5195,0,257.2670489673711
140,27,STARLINK-6211,6,70.70554444056992
140,28,STARLINK-6211,6,70.70554444056992
141,27,STARLINK-6211,9,70.70554444056992
141,28,STARLINK-6211,9,70.70554444056992
142,27,STARLINK-6211,14,70.70547956215376
142,28,STARLINK-6211,14,70.70547956215376
143,27,STARLINK-6211,19,67.50299788133316
143,28,STARLINK-6211,19,67.50299788133316
144,27,STARLINK-6211,12,70.70514820054477
144,28,STARLINK-6211,12,70.70514820054477
145,27,STARLINK-6211,11,55.33553475775419
145,28,STARLINK-6211,11,55.33553475775419
146,27,STARLINK-6211,13,54.94309577267537
146,28,STARLINK-6211,13,54.94309577267537
147,27,STARLINK-6211,21,49.85503037037793
147,28,STARLINK-6211,21,49.85503037037793
148,27,STARLINK-6211,0,49.85499861527363
148,28,STARLINK-6211,0,49.85499861527363
149,27,STARLINK-6211,8,52.034938852796124
149,28,STARLINK-6211,8,52.034938852796124
140,29,STARLINK-5287,4,243.38912594768513
140,30,STARLINK-5287,4,243.38912594768513
141,29,STARLINK-5287,11,243.38912594768513
141,30,STARLINK-5287,11,243.38912594768513
142,29,STARLINK-5287,23,243.388426826391
142,30,STARLINK-5287,23,243.388426826391
143,29,STARLINK-4279,4,181.52546823744356
143,30,STARLINK-4279,4,181.52546823744356
144,29,STARLINK-5287,14,239.96538829687495
144,30,STARLINK-5287,14,239.96538829687495
145,29,STARLINK-4279,16,134.0931731749732
145,30,STARLINK-4279,16,134.0931731749732
146,29,STARLINK-4279,21,128.97788879392454
146,30,STARLINK-4279,21,128.97788879392454
147,29,STARLINK-2606,16,102.83225058009577
147,30,STARLINK-2606,16,102.83225058009577
148,29,STARLINK-30535,16,101.83535215102559
148,30,STARLINK-30535,16,101.83535215102559
149,29,STARLINK-30535,21,97.48562061252996
149,30,STARLINK-30535,21,97.48562061252996
140,31,STARLINK-5176,3,230.49411953149811
140,32,STARLINK-5176,3,230.49411953149811
141,31,STARLINK-5176,5,230.49411953149811
141,32,STARLINK-5176,5,230.49411953149811
142,31,STARLINK-5176,7,230.49411953149811
142,32,STARLINK-5176,7,230.49411953149811
143,31,STARLINK-5176,11,230.49411953149811
143,32,STARLINK-5176,11,230.49411953149811
144,31,STARLINK-5176,13,230.49411953149811
144,32,STARLINK-5176,13,230.49411953149811
145,31,STARLINK-30991,22,224.0632753872785
145,32,STARLINK-30991,22,224.0632753872785
146,31,STARLINK-30991,12,224.06229007948423
146,32,STARLINK-30991,12,224.06229007948423
147,31,STARLINK-30991,23,224.0632753872785
147,32,STARLINK-30991,23,224.0632753872785
148,31,STARLINK-30535,22,212.40928052344867
149,31,STARLINK-30535,23,212.40928052344867
148,32,STARLINK-30985,1,245.6765616784637
148,33,STARLINK-30985,1,245.6765616784637
149,32,STARLINK-33558,14,258.22375444520065
149,33,STARLINK-33558,14,258.22375444520065
140,33,STARLINK-30300,3,423.6183663582556
140,34,STARLINK-30300,3,423.6183663582556
141,33,STARLINK-30300,5,423.6183663582556
141,34,STARLINK-30300,5,423.6183663582556
142,33,STARLINK-30300,7,423.6183663582556
142,34,STARLINK-30300,7,423.6183663582556
143,33,STARLINK-30300,13,423.6183663582556
143,34,STARLINK-30300,13,423.6183663582556
144,33,STARLINK-30300,17,423.6183663582556
144,34,STARLINK-30300,17,423.6183663582556
145,33,STARLINK-30300,18,423.6183663582556
145,34,STARLINK-30300,18,423.6183663582556
146,33,STARLINK-30300,20,423.6183663582556
146,34,STARLINK-30300,20,423.6183663582556
147,33,STARLINK-30300,22,423.6183663582556
147,34,STARLINK-30300,22,423.6183663582556
148,34,STARLINK-33856,0,238.11006700036748
148,35,STARLINK-33856,0,238.11006700036748
149,34,STARLINK-33856,1,238.11006700036748
149,35,STARLINK-33856,1,238.11006700036748
140,35,STARLINK-34078,2,188.20637025178308
140,36,STARLINK-34078,2,188.20637025178308
141,35,STARLINK-34078,7,188.20637025178308
141,36,STARLINK-34078,7,188.20637025178308
142,35,STARLINK-34078,11,188.20637025178308
142,36,STARLINK-34078,11,188.20637025178308
143,35,STARLINK-34078,13,188.20637025178308
143,36,STARLINK-34078,13,188.20637025178308
144,35,STARLINK-34078,14,188.20637025178308
144,36,STARLINK-34078,14,188.20637025178308
145,35,STARLINK-34078,17,188.20637025178308
145,36,STARLINK-34078,17,188.20637025178308
146,35,STARLINK-34078,19,188.20637025178308
146,36,STARLINK-34078,19,188.20637025178308
147,35,STARLINK-34078,20,188.20637025178308
147,36,STARLINK-34078,20,188.20637025178308
148,36,STARLINK-3557,3,173.1955042703782
148,37,STARLINK-3557,3,173.1955042703782
149,36,STARLINK-3557,5,173.1955042703782
149,37,STARLINK-3557,5,173.1955042703782
140,37,STARLINK-34078,1,353.1212882567589
141,37,STARLINK-34078,4,353.1212882567589
142,37,STARLINK-34078,6,353.1212882567589
143,37,STARLINK-34078,7,353.1212882567589
144,37,STARLINK-34078,8,353.1212882567589
145,37,STARLINK-34078,13,353.1212882567589
146,37,STARLINK-34078,16,353.1212882567589
147,37,STARLINK-34078,17,353.1212882567589
140,38,STARLINK-34122,0,152.2558659940731
140,39,STARLINK-34122,0,152.2558659940731
141,38,STARLINK-34122,1,152.2558659940731
141,39,STARLINK-34122,1,152.2558659940731
143,38,STARLINK-34122,2,152.2558659940731
143,39,STARLINK-34122,2,152.2558659940731
144,38,STARLINK-34122,4,152.2558659940731
144,39,STARLINK-34122,4,152.2558659940731
146,38,STARLINK-31339,7,157.4912244257306
146,39,STARLINK-31339,7,157.4912244257306
147,38,STARLINK-31339,8,157.4912244257306
147,39,STARLINK-31339,8,157.4912244257306
148,38,STARLINK-31339,9,157.4912244257306
149,38,STARLINK-31339,10,157.4912244257306
149,39,STARLINK-31339,10,157.4912244257306
0,28,STARLINK-3749,10,89.2386944730927
0,29,STARLINK-3749,10,89.2386944730927
1,28,STARLINK-4279,24,79.02373985453434
1,29,STARLINK-4279,24,79.02373985453434
2,28,STARLINK-2606,24,64.89967009980631
2,29,STARLINK-2606,24,64.89967009980631
3,28,STARLINK-3749,24,122.20897897890329
3,29,STARLINK-3749,24,122.20897897890329
4,28,STARLINK-31380,24,64.1834524306793
4,29,STARLINK-31380,24,64.1834524306793
5,28,STARLINK-3749,19,89.2386944730927
5,29,STARLINK-3749,19,89.2386944730927
6,28,STARLINK-31380,19,43.7462301785016
6,29,STARLINK-31380,19,43.7462301785016
7,28,STARLINK-3749,14,78.79298366112737
7,29,STARLINK-3749,14,78.79298366112737
8,28,STARLINK-2606,19,44.27635626927811
8,29,STARLINK-2606,19,44.27635626927811
9,28,STARLINK-3749,3,77.98370885476265
9,29,STARLINK-3749,3,77.98370885476265
0,30,STARLINK-30535,0,168.46747617071054
0,31,STARLINK-30535,0,168.46747617071054
1,30,STARLINK-4279,0,135.12970787798446
2,30,STARLINK-32191,0,242.17760432646963
2,31,STARLINK-32191,0,242.17760432646963
3,30,STARLINK-32191,15,166.1761537317937
3,31,STARLINK-32191,15,166.1761537317937
4,30,STARLINK-5287,0,189.00899384281684
4,31,STARLINK-5287,0,189.00899384281684
5,30,STARLINK-32191,24,124.74952804215988
5,31,STARLINK-32191,24,124.74952804215988
6,30,STARLINK-32191,10,110.6684247465736
6,31,STARLINK-32191,10,110.6684247465736
7,30,STARLINK-32191,19,118.64685900054214
7,31,STARLINK-32191,19,118.64685900054214
8,30,STARLINK-32191,1,100.59457363444461
8,31,STARLINK-32191,1,100.59457363444461
9,30,STARLINK-30535,19,69.71765169451012
9,31,STARLINK-30535,19,69.71765169451012
1,31,STARLINK-30991,4,127.1322893839681
1,32,STARLINK-30991,4,127.1322893839681
0,32,STARLINK-5195,16,257.2670489673711
0,33,STARLINK-5195,16,257.2670489673711
2,32,STARLINK-5195,8,257.2660909985869
2,33,STARLINK-5195,8,257.2660909985869
3,32,STARLINK-30985,16,245.6765616784637
3,33,STARLINK-30985,16,245.6765616784637
4,32,STARLINK-30985,8,245.6756159156192
4,33,STARLINK-30985,8,245.6756159156192
5,32,STARLINK-33558,16,258.22375444520065
5,33,STARLINK-33558,16,258.22375444520065
6,32,STARLINK-33558,17,153.14554177018127
6,33,STARLINK-33558,17,153.14554177018127
7,32,STARLINK-33558,18,153.14554177018127
7,33,STARLINK-33558,18,153.14554177018127
8,32,STARLINK-33558,20,153.14443458979935
8,33,STARLINK-33558,20,153.14443458979935
9,32,STARLINK-5195,17,152.3592331489364
9,33,STARLINK-5195,17,152.3592331489364
1,33,STARLINK-30300,11,423.61799150976225
1,34,STARLINK-30300,11,423.61799150976225
0,34,STARLINK-33856,2,238.11006700036748
0,35,STARLINK-33856,2,238.11006700036748
2,34,STARLINK-33856,8,238.11006700036748
2,35,STARLINK-33856,8,238.11006700036748
3,34,STARLINK-33856,14,238.11006700036748
3,35,STARLINK-33856,14,238.11006700036748
4,34,STARLINK-33856,23,238.11006700036748
4,35,STARLINK-33856,23,238.11006700036748
5,34,STARLINK-33856,21,238.09696422518473
5,35,STARLINK-33856,21,238.09696422518473
6,34,STARLINK-30984,12,176.97498041884387
6,35,STARLINK-30984,12,176.97498041884387
7,34,STARLINK-30984,16,176.96343639999284
7,35,STARLINK-30984,16,176.96343639999284
8,34,STARLINK-33856,16,238.06736191245682
8,35,STARLINK-33856,16,238.06736191245682
9,34,STARLINK-33856,12,238.0802118980167
9,35,STARLINK-33856,12,238.0802118980167
1,35,STARLINK-33856,3,136.4472165802143
1,36,STARLINK-33856,3,136.4472165802143
0,36,STARLINK-3557,9,173.1955042703782
0,37,STARLINK-3557,9,173.1955042703782
2,36,STARLINK-3557,10,173.1955042703782
2,37,STARLINK-3557,10,173.1955042703782
3,36,STARLINK-3557,12,173.1955042703782
3,37,STARLINK-3557,12,173.1955042703782
4,36,STARLINK-3557,15,173.1955042703782
4,37,STARLINK-3557,15,173.1955042703782
5,36,STARLINK-3557,21,173.1955042703782
5,37,STARLINK-3557,21,173.1955042703782
6,36,STARLINK-30984,0,153.5451744340434
7,36,STARLINK-3557,0,173.19542434446623
7,37,STARLINK-3557,0,173.19542434446623
8,36,STARLINK-3557,22,173.1955042703782
8,37,STARLINK-3557,22,173.1955042703782
9,36,STARLINK-30984,22,153.54525010252695
9,37,STARLINK-30984,22,153.54525010252695
1,37,STARLINK-34078,19,353.1212882567589
1,38,STARLINK-34078,19,353.1212882567589
6,37,STARLINK-34078,24,353.1212882567589
6,38,STARLINK-34078,24,353.1212882567589
0,38,STARLINK-34122,11,152.2558659940731
0,39,STARLINK-34122,11,152.2558659940731
2,38,STARLINK-34122,17,152.2558659940731
2,39,STARLINK-34122,17,152.2558659940731
3,38,STARLINK-34122,21,152.2558659940731
3,39,STARLINK-34122,21,152.2558659940731
4,38,STARLINK-34122,22,152.2558659940731
4,39,STARLINK-34122,22,152.2558659940731
5,38,STARLINK-30984,12,128.6826229289007
7,38,STARLINK-31339,12,157.49049766862547
7,39,STARLINK-31339,12,157.49049766862547
8,38,STARLINK-30984,15,128.68261214860783
9,38,STARLINK-30984,13,128.68213689114276
6,39,STARLINK-34078,3,226.78537388193945
